-0.0249,-383.2251,0.9948135
-0.0248,-442.2143,0.8214408
-0.0247,-498.4897,0.6914299
-0.0246,-549.3376,0.5590975
-0.0245,-598.8999,0.4278134
-0.0244,-640.8923,0.2963796
-0.0243,-685.3127,0.1640471
-0.0242,-734.5894,0.03590855
-0.0241,-785.4373,-0.09297895
-0.024,-840.4272,-0.2175228
-0.0239,-884.8477,-0.3345775
-0.0238,-934.8385,-0.4421959
-0.0237,-975.4025,-0.5432239
-0.0236,-1028.25,-0.6375867
-0.0235,-1074.242,-0.7191431
-0.0234,-1128.232,-0.8024219
-0.0233,-1169.081,-0.8819562
-0.0232,-1217.929,-0.9648607
-0.0231,-1260.35,-1.033835
-0.023,-1311.769,-1.096294
-0.0229,-1358.189,-1.148643
-0.0228,-1402.895,-1.195899
-0.0227,-1454.6,-1.239785
-0.0226,-1500.02,-1.2812
-0.0225,-1559.152,-1.318271
-0.0224,-1606.43,-1.348677
-0.0223,-1656.992,-1.37736
-0.0222,-1695.271,-1.399678
-0.0221,-1741.548,-1.423044
-0.022,-1795.11,-1.440419
-0.0219,-1848.385,-1.457269
-0.0218,-1890.806,-1.471274
-0.0217,-1937.798,-1.488274
-0.0216,-1978.219,-1.50475
-0.0215,-2033.637,-1.517182
-0.0214,-2079.629,-1.526469
-0.0213,-2133.333,-1.533733
-0.0212,-2177.183,-1.540997
-0.0211,-2223.46,-1.545865
-0.021,-2274.736,-1.554103
-0.0209,-2319.728,-1.56339
-0.0208,-2365.434,-1.570505
-0.0207,-2416.996,-1.572751
-0.0206,-2474.557,-1.572751
-0.0205,-2530.832,-1.578593
-0.0204,-2578.68,-1.583536
-0.0203,-2631.813,-1.590126
-0.0202,-2689.089,-1.590351
-0.0201,-2742.936,-1.593496
-0.02,-2781.929,-1.598139
-0.0199,-2825.492,-1.605104
-0.0198,-2869.199,-1.615589
-0.0197,-2924.76,-1.617012
-0.0196,-2973.608,-1.620831
-0.0195,-3025.17,-1.618285
-0.0194,-3074.019,-1.618734
-0.0193,-3116.868,-1.616862
-0.0192,-3163.002,-1.617985
-0.0191,-3213.422,-1.624576
-0.019,-3271.697,-1.629369
-0.0189,-3316.831,-1.635734
-0.0188,-3365.537,-1.634536
-0.0187,-3412.957,-1.633188
-0.0186,-3472.231,-1.632889
-0.0185,-3511.938,-1.640303
-0.0184,-3557.501,-1.640378
-0.0183,-3594.637,-1.642175
-0.0182,-3648.628,-1.642175
-0.0181,-3689.192,-1.646744
-0.018,-3740.754,-1.643898
-0.0179,-3784.174,-1.647567
-0.0178,-3831.451,-1.653783
-0.0177,-3875.3,-1.661497
-0.0176,-3922.292,-1.6597
-0.0175,-3968.854,-1.660748
-0.0174,-4017.274,-1.658202
-0.0173,-4084.405,-1.662396
-0.0172,-4137.681,-1.66307
-0.0171,-4186.957,-1.664867
-0.017,-4218.523,-1.66614
-0.0169,-4274.656,-1.663894
-0.0168,-4325.646,-1.667264
-0.0167,-4378.78,-1.668387
-0.0166,-4420.058,-1.675352
-0.0165,-4467.906,-1.677224
-0.0164,-4511.326,-1.675951
-0.0163,-4560.317,-1.674603
-0.0162,-4617.307,-1.677449
-0.0161,-4667.012,-1.679471
-0.016,-4714.861,-1.683291
-0.0159,-4751.283,-1.684039
-0.0158,-4803.844,-1.685911
-0.0157,-4850.265,-1.684638
-0.0156,-4895.685,-1.688083
-0.0155,-4930.107,-1.690704
-0.0154,-4981.384,-1.694599
-0.0153,-5035.088,-1.695198
-0.0152,-5095.792,-1.697295
-0.0151,-5145.21,-1.699767
-0.015,-5196.487,-1.701115
-0.0149,-5242.764,-1.70074
-0.0148,-5293.184,-1.701264
-0.0147,-5335.176,-1.701788
-0.0146,-5382.881,-1.704784
-0.0145,-5431.301,-1.701189
-0.0144,-5484.577,-1.701938
-0.0143,-5536.996,-1.703736
-0.0142,-5578.417,-1.706507
-0.0141,-5636.121,-1.70793
-0.014,-5680.827,-1.707181
-0.0139,-5740.101,-1.70733
-0.0138,-5779.38,-1.706806
-0.0137,-5837.512,-1.705982
-0.0136,-5875.077,-1.707105
-0.0135,-5923.068,-1.710026
-0.0134,-5959.918,-1.711225
-0.0133,-6003.197,-1.717516
-0.0132,-6007.196,-1.714071
-0.0131,-5986.628,-1.712798
-0.013,-5942.208,-1.704635
-0.0129,-5899.93,-1.708903
-0.0128,-5855.795,-1.708903
-0.0127,-5803.519,-1.711674
-0.0126,-5764.812,-1.70733
-0.0125,-5718.534,-1.708678
-0.0124,-5681.113,-1.706282
-0.0123,-5627.551,-1.704185
-0.0122,-5576.132,-1.701564
-0.0121,-5523.57,-1.703511
-0.012,-5476.293,-1.70396
-0.0119,-5433.301,-1.703586
-0.0118,-5383.024,-1.702238
-0.0117,-5342.746,-1.705159
-0.0116,-5286.042,-1.703586
-0.0115,-5241.05,-1.700216
-0.0114,-5179.49,-1.695273
-0.0113,-5138.498,-1.696771
-0.0112,-5083.079,-1.69692
-0.0111,-5029.517,-1.694674
-0.011,-4974.242,-1.691304
-0.0109,-4932.25,-1.691004
-0.0108,-4891.114,-1.689881
-0.0107,-4838.838,-1.689507
-0.0106,-4790.847,-1.687335
-0.0105,-4744.284,-1.685762
-0.0104,-4693.008,-1.685537
-0.0103,-4633.447,-1.682392
-0.0102,-4580.885,-1.683965
-0.0101,-4541.606,-1.679696
-0.01,-4500.757,-1.68022
-0.009900001,-4457.479,-1.677149
-0.009800001,-4404.774,-1.675652
-0.009700001,-4358.497,-1.674678
-0.0096,-4297.508,-1.674154
-0.009500001,-4247.803,-1.674753
-0.009400001,-4194.099,-1.671533
-0.009300001,-4140.395,-1.669361
-0.009200001,-4095.117,-1.667264
-0.0091,-4043.555,-1.667039
-0.009000001,-4004.991,-1.665691
-0.008900001,-3950.858,-1.661048
-0.008800001,-3909.437,-1.657229
-0.008700001,-3857.161,-1.657453
-0.008600001,-3812.597,-1.658502
-0.0085,-3756.179,-1.663145
-0.008400001,-3719.186,-1.662021
-0.008300001,-3669.481,-1.664418
-0.008200001,-3622.346,-1.661048
-0.008100001,-3566.785,-1.650563
-0.008,-3521.651,-1.642625
-0.007900001,-3474.374,-1.6427
-0.007800001,-3421.955,-1.649889
-0.007700001,-3377.106,-1.65296
-0.007600001,-3333.828,-1.654982
-0.007500001,-3281.124,-1.653409
-0.007400001,-3223.134,-1.651462
-0.007300001,-3173.572,-1.644347
-0.007200001,-3131.437,-1.644647
-0.007100001,-3099.585,-1.646744
-0.007000001,-3063.449,-1.644796
-0.006900001,-3020.171,-1.644422
-0.006800001,-2961.182,-1.644721
-0.006700001,-2903.621,-1.649065
-0.006600001,-2851.631,-1.646294
-0.006500001,-2812.781,-1.643523
-0.006400001,-2757.219,-1.63873
-0.006300001,-2721.511,-1.63888
-0.006200001,-2662.237,-1.633862
-0.006100001,-2612.246,-1.631915
-0.006000001,-2556.685,-1.62877
-0.005900001,-2515.406,-1.629144
-0.005800001,-2470.7,-1.630343
-0.005700001,-2423.995,-1.630642
-0.005600001,-2374.146,-1.629594
-0.005500001,-2339.724,-1.626673
-0.005400001,-2289.876,-1.624501
-0.005300001,-2228.887,-1.621805
-0.005200001,-2172.326,-1.620607
-0.005100001,-2116.908,-1.61836
-0.005000001,-2076.344,-1.619783
-0.004900001,-2021.497,-1.620007
-0.004800001,-1982.789,-1.620082
-0.004700001,-1926.8,-1.615514
-0.004600001,-1878.094,-1.61499
-0.004500001,-1822.104,-1.61469
-0.004400001,-1788.539,-1.618435
-0.004300001,-1742.976,-1.617985
-0.004200001,-1689.7,-1.616862
-0.004100001,-1639.281,-1.615139
-0.004000001,-1593.146,-1.613641
-0.003900001,-1547.441,-1.61469
-0.003800001,-1492.594,-1.610197
-0.003700001,-1443.888,-1.606752
-0.003600001,-1399.039,-1.603756
-0.003500001,-1350.334,-1.602034
-0.003400001,-1300.629,-1.596791
-0.003300001,-1255.066,-1.592223
-0.003200001,-1213.216,-1.589377
-0.003100001,-1168.796,-1.590575
-0.003000001,-1115.805,-1.589901
-0.002900001,-1058.387,-1.589078
-0.002800001,-997.9698,-1.586756
-0.002700001,-956.1203,-1.581738
-0.002600001,-913.8423,-1.579716
-0.002500001,-877.2776,-1.579566
-0.002400001,-820.0024,-1.579117
-0.002300001,-767.869,-1.577994
-0.002200001,-708.737,-1.570355
-0.002100001,-662.0313,-1.568033
-0.002000001,-616.0397,-1.562491
-0.001900001,-576.6183,-1.564289
-0.001800001,-533.0549,-1.562042
-0.001700001,-486.0635,-1.562866
-0.001600001,-432.359,-1.559646
-0.001500001,-388.0814,-1.5568
-0.001400001,-341.3756,-1.554104
-0.001300001,-299.2405,-1.551333
-0.001200001,-250.3923,-1.547438
-0.001100001,-195.688,-1.542196
-0.001000001,-137.8415,-1.536204
-9.00001E-4,-81.99453,-1.529689
-8.00001E-4,-37.28843,-1.520627
-7.00001E-4,6.846338,-1.509917
-6.00001E-4,49.69565,-1.49127
-5.00001E-4,88.26002,-1.465582
-4.00001E-4,132.252,-1.419599
-3.00001E-4,180.386,-1.347928
-2.00001E-4,241.232,-1.254614
-1.00001E-4,298.7929,-1.148943
-1.004082E-9,352.6402,-1.031364
9.999899E-5,392.2044,-0.9051723
1.99999E-4,433.6254,-0.7747871
2.99999E-4,489.1867,-0.6515914
3.99999E-4,540.7487,-0.5230034
4.99999E-4,597.024,-0.3902965
5.99999E-4,636.5882,-0.2564661
6.99999E-4,684.4366,-0.1242834
7.99999E-4,730.7138,0.004454307
8.99999E-4,787.2749,0.136637
9.99999E-4,841.8364,0.2596081
0.001099999,888.8278,0.3772619
0.001199999,923.1072,0.4833826
0.001299999,971.2414,0.5880054
0.001399999,1015.948,0.6861127
0.001499999,1072.937,0.773885
0.001599999,1118.5,0.8515471
0.001699999,1169.205,0.9225436
0.001799999,1212.912,0.9933158
0.001899999,1263.759,1.055475
0.001999999,1306.751,1.114564
0.002099999,1359.027,1.165939
0.002199999,1407.304,1.211548
0.002299999,1452.011,1.252663
0.002399999,1500.573,1.288237
0.002499999,1546.565,1.322162
0.002599999,1602.269,1.349198
0.002699999,1651.26,1.371291
0.002799999,1713.106,1.399525
0.002899999,1769.524,1.426111
0.002999999,1822.086,1.450226
0.003099999,1862.221,1.463257
0.003199999,1904.499,1.476962
0.003299999,1941.35,1.493663
0.003399999,1989.484,1.510214
0.003499999,2039.618,1.521448
0.003599999,2095.178,1.530434
0.003699999,2141.313,1.537474
0.003799999,2185.59,1.54736
0.003899999,2235.152,1.552602
0.003999999,2285.144,1.558743
0.004099999,2335.848,1.560391
0.004199999,2382.411,1.566307
0.004299999,2435.116,1.568629
0.004399999,2475.538,1.578964
0.004499999,2515.244,1.590497
0.004599999,2555.666,1.600233
0.004699999,2610.37,1.600607
0.004799999,2664.217,1.594616
0.004899999,2719.493,1.597537
0.004999999,2773.911,1.600533
0.005099999,2832.329,1.607947
0.005199999,2883.891,1.611392
0.005299999,2926.598,1.613938
0.005399999,2968.019,1.615661
0.005499999,3008.297,1.619555
0.005599999,3057.574,1.625396
0.005699999,3099.281,1.627418
0.005799999,3149.7,1.628542
0.005899999,3204.404,1.629515
0.005999999,3255.395,1.631238
0.006099999,3307.385,1.63326
0.006199999,3352.662,1.638202
0.006299999,3406.652,1.634458
0.006399999,3451.216,1.633185
0.006499999,3487.495,1.630414
0.006599999,3533.772,1.64
0.006699999,3578.193,1.645093
0.006799999,3630.469,1.649961
0.006899999,3681.031,1.652432
0.006999999,3728.308,1.655278
0.007099999,3786.155,1.656476
0.007199999,3832.29,1.658723
0.007299999,3878.709,1.657375
0.007399999,3923.987,1.656176
0.007499999,3971.121,1.65745
0.007599999,4019.398,1.661419
0.007699999,4071.674,1.667635
0.007799999,4125.664,1.669133
0.007899999,4187.795,1.671754
0.007999999,4225.217,1.671679
0.008099998,4274.209,1.671604
0.008199999,4318.915,1.675049
0.008299999,4374.047,1.67445
0.008399999,4419.182,1.677221
0.008499999,4463.174,1.672503
0.008599998,4506.309,1.672727
0.008699999,4547.73,1.670331
0.008799999,4592.293,1.672353
0.008899999,4645.284,1.676322
0.008999999,4699.131,1.680591
0.009099999,4748.265,1.679692
0.009199998,4803.255,1.682164
0.009299999,4848.818,1.682463
0.009399999,4900.237,1.685983
0.009499999,4940.229,1.686957
0.009599999,4997.504,1.688155
0.009699998,5048.067,1.688305
0.009799999,5092.916,1.691675
0.009899999,5133.337,1.692349
0.009999999,5175.472,1.691076
0.0101,5226.32,1.686058
0.0102,5272.597,1.684111
0.0103,5329.729,1.688305
0.0104,5386.862,1.69482
0.0105,5442.994,1.700138
0.0106,5490.129,1.703508
0.0107,5532.264,1.701036
0.0108,5564.687,1.700287
0.0109,5608.393,1.701785
0.011,5656.241,1.703657
0.0111,5720.516,1.705679
0.0112,5769.221,1.706728
0.0113,5818.926,1.704107
0.0114,5873.487,1.706129
0.0115,5920.764,1.70201
0.0116,5969.898,1.70553
0.0117,6013.319,1.706204
0.0118,6026.602,1.71212
0.0119,6005.035,1.713843
0.012,5949.902,1.712046
0.0121,5902.482,1.696169
0.0122,5860.918,1.691825
0.0123,5813.355,1.690327
0.0124,5766.364,1.70171
0.0125,5715.088,1.701261
0.0126,5662.24,1.700961
0.0127,5614.963,1.697966
0.0128,5564.401,1.699239
0.0129,5517.981,1.696693
0.013,5461.134,1.700288
0.0131,5420.142,1.697592
0.0132,5368.58,1.69834
0.0133,5332.443,1.697591
0.0134,5271.312,1.698415
0.0135,5224.035,1.695569
0.0136,5161.046,1.690552
0.0137,5116.625,1.68868
0.0138,5069.349,1.686433
0.0139,5027.928,1.682688
0.014,4983.65,1.679467
0.0141,4933.374,1.68119
0.0142,4885.525,1.679692
0.0143,4833.106,1.682238
0.0144,4785.544,1.682613
0.0145,4739.409,1.689802
0.0146,4694.988,1.686657
0.0147,4646.14,1.686582
0.0148,4595.579,1.682239
0.0149,4545.302,1.685759
0.015,4498.739,1.681789
0.0151,4452.604,1.684036
0.0152,4404.47,1.67797
0.0153,4355.336,1.68149
0.0154,4317.772,1.6743
0.0155,4266.067,1.674225
0.0156,4220.075,1.671454
0.0157,4170.941,1.671155
0.0158,4120.236,1.671979
0.0159,4074.816,1.672503
0.016,4011.828,1.672353
0.0161,3969.264,1.675498
0.0162,3914.56,1.669432
0.0163,3866.283,1.667185
0.0164,3812.721,1.659547
0.0165,3773.3,1.659547
0.0166,3722.452,1.659472
0.0167,3671.461,1.657674
0.0168,3612.187,1.659247
0.0169,3569.194,1.658648
0.017,3524.631,1.657824
0.0171,3486.638,1.654753
0.0172,3441.361,1.654978
0.0173,3404.796,1.652507
0.0174,3349.806,1.650784
0.0175,3303.528,1.648762
0.0176,3248.967,1.651833
0.0177,3201.405,1.649511
0.0178,3144.987,1.646441
0.0179,3090.854,1.643295
0.018,3044.005,1.643146
0.0181,2989.301,1.642322
0.0182,2942.309,1.638278
0.0183,2890.461,1.637154
0.0184,2852.754,1.633784
0.0185,2810.618,1.633185
0.0186,2769.769,1.62944
0.0187,2726.063,1.633634
0.0188,2676.215,1.633934
0.0189,2620.511,1.635057
0.019,2565.664,1.629291
0.0191,2508.531,1.628242
0.0192,2457.541,1.629216
0.0193,2408.549,1.629815
0.0194,2364.843,1.627943
0.0195,2319.851,1.624423
0.0196,2275.859,1.624722
0.0197,2232.582,1.625097
0.0198,2185.876,1.62652
0.0199,2133.6,1.623224
0.02,2077.896,1.62255
0.0201,2019.764,1.620678
0.0202,1969.916,1.617832
0.0203,1914.783,1.61289
0.0204,1877.076,1.609145
0.0205,1835.369,1.608771
0.0206,1800.518,1.614537
0.0207,1757.669,1.620304
0.0208,1700.679,1.621652
0.0209,1644.547,1.616709
0.021,1584.415,1.607123
0.0211,1533.138,1.602405
0.0212,1491.003,1.599559
0.0213,1446.012,1.600157
0.0214,1415.16,1.600157
0.0215,1363.027,1.602779
0.0216,1313.893,1.601806
0.0217,1254.332,1.599784
0.0218,1205.77,1.594691
0.0219,1163.777,1.588999
0.022,1113.501,1.587801
0.0221,1063.082,1.585255
0.0222,1003.235,1.586603
0.0223,963.5283,1.5884
0.0224,925.5353,1.584431
0.0225,885.9711,1.57829
0.0226,833.2665,1.572074
0.0227,776.4198,1.570202
0.0228,725.0007,1.572898
0.0229,675.5811,1.570277
0.023,632.0176,1.569827
0.0231,590.311,1.565783
0.0232,541.8913,1.56788
0.0233,482.1879,1.567281
0.0234,425.7697,1.565334
0.0235,365.7807,1.562563
0.0236,319.2178,1.558893
0.0237,260.2286,1.554774
0.0238,220.093,1.549157
0.0239,168.8167,1.546162
0.024,131.1093,1.54414
0.0241,79.26167,1.538598
0.0242,39.98314,1.531558
0.0243,-5.437111,1.524742
0.0244,-58.28459,1.51246
0.0245,-106.8471,1.494187
0.0246,-154.5527,1.45412
0.0247,-197.5448,1.391886
0.0248,-256.2484,1.304338
0.0249,-320.3795,1.154257
