300.42878,4.0717E-11
300.49751,4.0741E-11
300.56403,4.0769E-11
300.6333,4.0794E-11
300.70039,4.0828E-11
300.76992,4.0858E-11
300.83839,4.0892E-11
300.90849,4.0924E-11
300.97803,4.0959E-11
301.04842,4.0991E-11
301.11906,4.1021E-11
301.18751,4.1056E-11
301.25649,4.109E-11
301.32442,4.1118E-11
301.39642,4.1153E-11
301.46569,4.1185E-11
301.53416,4.1219E-11
301.60369,4.1254E-11
301.67296,4.1285E-11
301.74031,4.1316E-11
301.80878,4.1346E-11
301.87584,4.1375E-11
301.94374,4.1411E-11
302.00971,4.1442E-11
302.07597,4.1472E-11
302.14112,4.1502E-11
302.20738,4.1533E-11
302.27197,4.1563E-11
302.33603,4.1593E-11
302.39787,4.1626E-11
302.46304,4.1652E-11
302.52652,4.1684E-11
302.58977,4.1715E-11
302.65132,4.1758E-11
302.7107,4.1785E-11
302.77145,4.1815E-11
302.83275,4.1842E-11
302.89078,4.1869E-11
302.95262,4.1901E-11
303.00953,4.1927E-11
303.06862,4.1961E-11
303.12525,4.1983E-11
303.1819,4.2005E-11
303.23935,4.2028E-11
303.29486,4.205E-11
303.34984,4.2078E-11
303.40483,4.2121E-11
303.4587,4.2151E-11
303.51203,4.2175E-11
303.56509,4.2208E-11
303.61704,4.223E-11
303.67039,4.2258E-11
303.72151,4.2268E-11
303.77291,4.2311E-11
303.82405,4.2335E-11
303.87299,4.2365E-11
303.9219,4.2382E-11
303.97057,4.24E-11
304.01922,4.243E-11
304.06706,4.2463E-11
304.11434,4.2496E-11
304.1619,4.2518E-11
304.20725,4.2535E-11
304.25317,4.255E-11
304.30073,4.2581E-11
304.34579,4.26E-11
304.38813,4.2639E-11
304.43184,4.2661E-11
304.47748,4.2684E-11
304.5187,4.2705E-11
304.56158,4.2732E-11
304.60504,4.2755E-11
304.64571,4.2778E-11
304.68831,4.2803E-11
304.72764,4.2809E-11
304.76969,4.2845E-11
304.80956,4.2874E-11
304.8486,4.2894E-11
304.88706,4.2917E-11
304.92556,4.2938E-11
304.96514,4.2965E-11
305.0039,4.2978E-11
305.04156,4.3008E-11
305.08005,4.3013E-11
305.11525,4.3028E-11
305.15291,4.305E-11
305.18945,4.3073E-11
305.22465,4.3087E-11
305.25956,4.3132E-11
305.29475,4.3146E-11
305.33049,4.3153E-11
305.36319,4.319E-11
305.39865,4.3213E-11
305.43218,4.3227E-11
305.46462,4.3258E-11
305.49982,4.3276E-11
305.53143,4.3274E-11
305.56525,4.3304E-11
305.59686,4.3335E-11
305.63013,4.3353E-11
305.66062,4.3371E-11
305.69088,4.3391E-11
305.72249,4.3411E-11
305.7519,4.3409E-11
305.78462,4.3448E-11
305.81623,4.3466E-11
305.84455,4.3483E-11
305.87561,4.3502E-11
305.90088,4.3525E-11
305.93306,4.3545E-11
305.96275,4.3561E-11
305.99078,4.3581E-11
306.01938,4.3576E-11
306.04714,4.3593E-11
306.076,4.3615E-11
306.10486,4.3653E-11
306.13262,4.3663E-11
306.15901,4.3687E-11
306.18486,4.3689E-11
306.21291,4.3718E-11
306.23984,4.3741E-11
306.26706,4.376E-11
306.29234,4.3776E-11
306.31956,4.3793E-11
306.34595,4.3814E-11
306.37096,4.3828E-11
306.39626,4.384E-11
306.42156,4.3858E-11
306.44683,4.3874E-11
306.47296,4.3893E-11
306.49631,4.3907E-11
306.52052,4.3925E-11
306.54662,4.3919E-11
306.57,4.3957E-11
306.59501,4.3977E-11
306.6181,4.397E-11
306.64148,4.3985E-11
306.66566,4.4005E-11
306.68958,4.4017E-11
306.71184,4.4037E-11
306.73577,4.4066E-11
306.75803,4.4071E-11
306.78083,4.4081E-11
306.80366,4.4117E-11
306.82758,4.4115E-11
306.84901,4.4154E-11
306.87073,4.4145E-11
306.8941,4.4164E-11
306.91527,4.4189E-11
306.93644,4.4213E-11
306.95899,4.4213E-11
306.97987,4.4228E-11
307.00213,4.4244E-11
307.02275,4.4257E-11
307.04501,4.427E-11
307.06618,4.4289E-11
307.08735,4.4304E-11
307.10852,4.4317E-11
307.12995,4.4331E-11
307.15003,4.4347E-11
307.17148,4.4361E-11
307.19208,4.4374E-11
307.21244,4.4398E-11
307.23304,4.4411E-11
307.25504,4.4456E-11
307.27455,4.4461E-11
307.29491,4.4459E-11
307.31496,4.4491E-11
307.33421,4.4515E-11
307.35429,4.4526E-11
307.37434,4.4544E-11
307.39413,4.4538E-11
307.41392,4.455E-11
307.43345,4.4566E-11
307.45296,4.4594E-11
307.47221,4.4618E-11
307.49255,4.4635E-11
307.51179,4.4648E-11
307.53075,4.4667E-11
307.55109,4.4684E-11
307.5687,4.467E-11
307.58849,4.4691E-11
307.60774,4.4727E-11
307.62532,4.4746E-11
307.64566,4.4755E-11
307.66408,4.4776E-11
307.68223,4.4788E-11
307.70119,4.4804E-11
307.72073,4.4822E-11
307.73639,4.4838E-11
307.75701,4.485E-11
307.77569,4.4863E-11
307.79384,4.4878E-11
307.81252,4.4896E-11
307.83122,4.4882E-11
307.8513,4.4926E-11
307.86834,4.4938E-11
307.88675,4.4955E-11
307.90462,4.4969E-11
307.92332,4.4986E-11
307.94036,4.4971E-11
307.95932,4.5001E-11
307.97719,4.5034E-11
307.99506,4.5051E-11
308.01319,4.5067E-11
308.03135,4.5079E-11
308.04894,4.5093E-11
308.06655,4.5085E-11
308.08442,4.5099E-11
308.10171,4.5142E-11
308.12013,4.5157E-11
308.138,4.517E-11
308.15506,4.5189E-11
308.17319,4.5204E-11
308.19078,4.5217E-11
308.20839,4.5235E-11
308.22405,4.5248E-11
308.24356,4.5237E-11
308.26171,4.5251E-11
308.27849,4.5267E-11
308.29553,4.5284E-11
308.31312,4.5314E-11
308.33236,4.5347E-11
308.34886,4.5363E-11
308.36618,4.5378E-11
308.38322,4.5392E-11
308.40109,4.5411E-11
308.41784,4.5424E-11
308.43434,4.5413E-11
308.45166,4.5454E-11
308.46953,4.5476E-11
308.48631,4.5488E-11
308.50197,4.5505E-11
308.52148,4.5523E-11
308.53881,4.5542E-11
308.55613,4.5555E-11
308.57179,4.557E-11
308.58995,4.5585E-11
308.60561,4.5569E-11
308.62374,4.5584E-11
308.64081,4.5602E-11
308.65839,4.5616E-11
308.67434,4.5632E-11
308.6933,4.5648E-11
308.70925,4.5668E-11
308.72629,4.5681E-11
308.74361,4.5701E-11
308.76065,4.5717E-11
308.77769,4.5731E-11
308.7953,4.5749E-11
308.81151,4.576E-11
308.82636,4.5782E-11
308.84587,4.5796E-11
308.86265,4.5813E-11
308.87886,4.5832E-11
308.89506,4.5852E-11
308.91294,4.5865E-11
308.92917,4.5885E-11
308.94675,4.5901E-11
308.96325,4.5919E-11
308.97836,4.5933E-11
308.99623,4.5948E-11
309.01164,4.5968E-11
309.03005,4.5982E-11
309.04709,4.6003E-11
309.06413,4.6017E-11
309.08119,4.6038E-11
309.09795,4.6048E-11
309.11444,4.6065E-11
309.13122,4.608E-11
309.14771,4.6097E-11
309.16558,4.6115E-11
309.18208,4.6132E-11
309.19829,4.6149E-11
309.21478,4.6164E-11
309.23073,4.6188E-11
309.24997,4.6199E-11
309.26481,4.622E-11
309.28104,4.6235E-11
309.29862,4.6256E-11
309.31486,4.6272E-11
309.33216,4.6294E-11
309.34865,4.631E-11
309.36488,4.6328E-11
309.38109,4.6342E-11
309.39758,4.6365E-11
309.41491,4.638E-11
309.43223,4.6398E-11
309.44818,4.6416E-11
309.46494,4.6436E-11
309.48252,4.6452E-11
309.49821,4.6468E-11
309.51442,4.6486E-11
309.53283,4.6503E-11
309.54823,4.6525E-11
309.56527,4.6543E-11
309.58094,4.6559E-11
309.59855,4.6579E-11
309.61475,4.66E-11
309.63236,4.6615E-11
309.64857,4.6635E-11
309.66535,4.6655E-11
309.68101,4.6672E-11
309.69834,4.669E-11
309.71509,4.6704E-11
309.73158,4.6727E-11
309.74836,4.6746E-11
309.76569,4.6765E-11
309.78218,4.6782E-11
309.79894,4.6798E-11
309.81488,4.682E-11
309.83166,4.6842E-11
309.84842,4.6858E-11
309.86491,4.6882E-11
309.88169,4.6898E-11
309.89764,4.6922E-11
309.91494,4.6937E-11
309.932,4.696E-11
309.94821,4.6981E-11
309.96525,4.6993E-11
309.98229,4.7018E-11
309.99878,4.704E-11
310.01447,4.7062E-11
310.03122,4.7079E-11
310.04855,4.7099E-11
310.06312,4.7118E-11
310.08016,4.7137E-11
310.09694,4.7161E-11
310.11397,4.7179E-11
310.13075,4.7199E-11
310.14751,4.7216E-11
310.16429,4.7241E-11
310.18078,4.7257E-11
310.19699,4.7277E-11
310.21431,4.7295E-11
310.22971,4.7312E-11
310.24758,4.7337E-11
310.26408,4.7358E-11
310.28029,4.7375E-11
310.29816,4.7394E-11
310.3141,4.7417E-11
310.3306,4.7437E-11
310.34792,4.7462E-11
310.3633,4.7482E-11
310.38008,4.7503E-11
310.39629,4.7524E-11
310.41361,4.7543E-11
310.43039,4.7565E-11
310.44688,4.7586E-11
310.46418,4.7603E-11
310.48013,4.7622E-11
310.49774,4.7651E-11
310.51423,4.7669E-11
310.53073,4.7693E-11
310.54748,4.771E-11
310.56481,4.7733E-11
310.58101,4.7755E-11
310.59779,4.7781E-11
310.61457,4.7801E-11
310.63132,4.782E-11
310.64782,4.7843E-11
310.66268,4.7864E-11
310.68055,4.7885E-11
310.69704,4.7915E-11
310.71325,4.7932E-11
310.72974,4.7954E-11
310.74623,4.7978E-11
310.76519,4.7996E-11
310.78169,4.8019E-11
310.79818,4.804E-11
310.81525,4.8069E-11
310.83174,4.8089E-11
310.84766,4.8116E-11
310.8639,4.8135E-11
310.88177,4.8159E-11
310.89743,4.8179E-11
310.91392,4.8204E-11
310.93208,4.8228E-11
310.94636,4.8249E-11
310.96506,4.8272E-11
310.9821,4.8295E-11
310.99886,4.8316E-11
311.01509,4.8344E-11
311.0313,4.8368E-11
311.04834,4.8385E-11
311.06429,4.8414E-11
311.08132,4.8436E-11
311.0981,4.8456E-11
311.11543,4.8493E-11
311.12917,4.8509E-11
311.14787,4.8536E-11
311.16574,4.8555E-11
311.18249,4.858E-11
311.19844,4.8609E-11
311.21577,4.8625E-11
311.23309,4.8658E-11
311.24792,4.8675E-11
311.26496,4.8703E-11
311.282,4.8725E-11
311.29849,4.8749E-11
311.31527,4.8771E-11
311.33094,4.8798E-11
311.34909,4.8824E-11
311.36475,4.8845E-11
311.38291,4.8873E-11
311.39829,4.8894E-11
311.4159,4.8925E-11
311.43348,4.8946E-11
311.44969,4.8974E-11
311.46647,4.8999E-11
311.48379,4.9023E-11
311.49891,4.9049E-11
311.51595,4.9073E-11
311.53327,4.9105E-11
311.5481,4.9132E-11
311.56626,4.9153E-11
311.58358,4.9185E-11
311.60034,4.9206E-11
311.61712,4.9231E-11
311.63387,4.9265E-11
311.65036,4.9281E-11
311.66577,4.9315E-11
311.68309,4.934E-11
311.69958,4.9364E-11
311.71608,4.9393E-11
311.73366,4.942E-11
311.7507,4.9447E-11
311.76665,4.9471E-11
311.78369,4.9495E-11
311.80075,4.9522E-11
311.81751,4.9555E-11
311.83345,4.9579E-11
311.85104,4.9607E-11
311.86753,4.9634E-11
311.88486,4.9662E-11
311.90026,4.9692E-11
311.9173,4.9716E-11
311.93351,4.9754E-11
311.95166,4.9773E-11
311.96925,4.9797E-11
311.98574,4.983E-11
312.00169,4.986E-11
312.01818,4.9882E-11
312.03496,4.9913E-11
312.05171,4.9937E-11
312.06904,4.9967E-11
312.088,4.9999E-11
312.10257,5.0024E-11
312.12018,5.0057E-11
312.13226,5.0082E-11
312.15371,5.0109E-11
312.17021,5.0136E-11
312.18725,5.0166E-11
312.20429,5.0198E-11
312.21914,5.0224E-11
312.23701,5.0259E-11
312.25377,5.0285E-11
312.27081,5.0319E-11
312.2873,5.0348E-11
312.30574,5.0375E-11
312.32166,5.0402E-11
312.33899,5.043E-11
312.35577,5.0462E-11
312.37171,5.0503E-11
312.38821,5.0523E-11
312.40525,5.0554E-11
312.42145,5.0582E-11
312.43906,5.0611E-11
312.45582,5.0644E-11
312.47177,5.0676E-11
312.49073,5.0702E-11
312.50642,5.0746E-11
312.52291,5.0766E-11
312.53995,5.0807E-11
312.55753,5.0839E-11
312.57348,5.0866E-11
312.58969,5.09E-11
312.60701,5.0925E-11
312.62351,5.0954E-11
312.64083,5.0984E-11
312.6587,5.102E-11
312.67465,5.1047E-11
312.6906,5.108E-11
312.70873,5.1117E-11
312.72522,5.1143E-11
312.742,5.1176E-11
312.75875,5.1208E-11
312.7747,5.1241E-11
312.79094,5.1272E-11
312.8099,5.1306E-11
312.8261,5.1336E-11
312.84314,5.1368E-11
312.86021,5.1402E-11
312.87558,5.1432E-11
312.89319,5.1483E-11
312.91049,5.1519E-11
312.92699,5.1554E-11
312.94348,5.1582E-11
312.96135,5.1665E-11
312.97704,5.1719E-11
312.99408,5.1748E-11
313.01114,5.1784E-11
313.02901,5.1821E-11
313.04442,5.1853E-11
313.06226,5.189E-11
313.07849,5.1918E-11
313.09416,5.1948E-11
313.11312,5.1973E-11
313.12961,5.2008E-11
313.14722,5.2043E-11
313.16343,5.2086E-11
313.18021,5.2116E-11
313.19779,5.2152E-11
313.21374,5.2191E-11
313.23052,5.2224E-11
313.24756,5.2256E-11
313.26543,5.2294E-11
313.28218,5.2332E-11
313.29868,5.2369E-11
313.31408,5.2409E-11
313.33223,5.2441E-11
313.34953,5.2476E-11
313.36686,5.2515E-11
313.38281,5.2558E-11
313.39901,5.2591E-11
313.41743,5.2615E-11
313.43475,5.2655E-11
313.45016,5.27E-11
313.46719,5.2733E-11
313.48561,5.2784E-11
313.50184,5.2812E-11
313.51888,5.2854E-11
313.53455,5.2883E-11
313.55213,5.2934E-11
313.56945,5.2964E-11
313.58569,5.3004E-11
313.60218,5.3037E-11
313.61948,5.3079E-11
313.63655,5.3118E-11
313.65384,5.3157E-11
313.67088,5.3196E-11
313.68738,5.3242E-11
313.7047,5.3278E-11
313.72148,5.3325E-11
313.73906,5.3351E-11
313.7553,5.3391E-11
313.7726,5.3431E-11
313.78938,5.3477E-11
313.80642,5.3517E-11
313.824,5.3563E-11
313.84052,5.3605E-11
313.85727,5.3654E-11
313.87405,5.3676E-11
313.89247,5.3719E-11
313.9073,5.3768E-11
313.92571,5.3806E-11
313.94112,5.3842E-11
313.95927,5.3889E-11
313.97519,5.3932E-11
313.99143,5.3975E-11
314.00956,5.4012E-11
314.02579,5.4053E-11
314.04312,5.4102E-11
314.05987,5.4137E-11
314.07665,5.418E-11
314.09397,5.4224E-11
314.1099,5.4266E-11
314.12696,5.4313E-11
314.14509,5.4369E-11
314.16242,5.4423E-11
314.17862,5.4466E-11
314.19566,5.4497E-11
314.21299,5.4547E-11
314.22948,5.4581E-11
314.24709,5.4643E-11
314.26413,5.4668E-11
314.28145,5.473E-11
314.29683,5.4774E-11
314.31444,5.4816E-11
314.33203,5.4852E-11
314.34797,5.4902E-11
314.36418,5.4947E-11
314.38314,5.4996E-11
314.39883,5.5039E-11
314.41558,5.5089E-11
314.43236,5.5139E-11
314.45023,5.5182E-11
314.4659,5.524E-11
314.48322,5.5287E-11
314.49917,5.5323E-11
314.51704,5.5387E-11
314.53353,5.5432E-11
314.5514,5.5471E-11
314.5679,5.5522E-11
314.58465,5.5574E-11
314.60281,5.562E-11
314.61875,5.5664E-11
314.63688,5.5714E-11
314.65255,5.5761E-11
314.67016,5.581E-11
314.68829,5.586E-11
314.70395,5.5915E-11
314.72018,5.5955E-11
314.73751,5.6007E-11
314.75455,5.6058E-11
314.77187,5.611E-11
314.78862,5.6161E-11
314.80457,5.6211E-11
314.82216,5.6276E-11
314.8381,5.6319E-11
314.85626,5.638E-11
314.87301,5.6426E-11
314.88842,5.6476E-11
314.90657,5.6516E-11
314.92361,5.6575E-11
314.94065,5.6626E-11
314.95686,5.6683E-11
314.9739,5.6726E-11
314.99122,5.6777E-11
315.00855,5.6832E-11
315.02475,5.6884E-11
315.04099,5.6944E-11
315.05694,5.6997E-11
315.07644,5.7052E-11
315.09101,5.711E-11
315.10805,5.7165E-11
315.12509,5.7217E-11
315.14242,5.7273E-11
315.15891,5.7327E-11
315.17569,5.7394E-11
315.19218,5.7433E-11
315.20977,5.7508E-11
315.22655,5.7545E-11
315.24304,5.76E-11
315.25953,5.7658E-11
315.27629,5.771E-11
315.29335,5.7768E-11
315.31039,5.7842E-11
315.32743,5.7872E-11
315.34364,5.7928E-11
315.36013,5.7988E-11
315.37719,5.8048E-11
315.39423,5.8104E-11
315.41153,5.8172E-11
315.42694,5.8235E-11
315.44371,5.8293E-11
315.46104,5.8332E-11
315.47725,5.84E-11
315.49483,5.8467E-11
315.51023,5.8514E-11
315.52836,5.8581E-11
315.5446,5.864E-11
315.56138,5.8704E-11
315.57868,5.8759E-11
315.59436,5.8833E-11
315.61249,5.8909E-11
315.62816,5.8966E-11
315.64494,5.9028E-11
315.66197,5.9091E-11
315.67792,5.9147E-11
315.69634,5.9222E-11
315.71255,5.9265E-11
315.72987,5.9327E-11
315.74719,5.9399E-11
315.7634,5.9456E-11
315.77935,5.9525E-11
315.79613,5.9593E-11
315.81317,5.9644E-11
315.82883,5.9704E-11
315.84699,5.9767E-11
315.86294,5.9831E-11
315.87997,5.99E-11
315.89756,5.9958E-11
315.91158,6.0029E-11
315.93083,6.01E-11
315.94704,6.0161E-11
315.96353,6.0245E-11
315.98057,6.031E-11
315.99626,6.0377E-11
316.01301,6.0448E-11
316.03062,6.0532E-11
316.04712,6.0581E-11
316.06361,6.0651E-11
316.08065,6.072E-11
316.09714,6.079E-11
316.1139,6.0861E-11
316.13096,6.0944E-11
316.148,6.1012E-11
316.16475,6.1074E-11
316.18125,6.1144E-11
316.19748,6.1224E-11
316.21506,6.13E-11
316.2313,6.1404E-11
316.24722,6.147E-11
316.264,6.1523E-11
316.28132,6.1582E-11
316.29753,6.1663E-11
316.31403,6.1743E-11
316.33244,6.1803E-11
316.34922,6.1893E-11
316.36488,6.1975E-11
316.38192,6.2048E-11
316.40036,6.2121E-11
316.41574,6.2207E-11
316.4314,6.228E-11
316.44901,6.2361E-11
316.46496,6.2431E-11
316.48364,6.2511E-11
316.49849,6.2578E-11
316.51582,6.2665E-11
316.53231,6.2748E-11
316.54881,6.283E-11
316.56473,6.2914E-11
316.5826,6.2976E-11
316.60047,6.3054E-11
316.61532,6.3137E-11
316.63291,6.3219E-11
316.64969,6.3308E-11
316.66535,6.3416E-11
316.68377,6.3492E-11
316.69943,6.3578E-11
316.71538,6.3654E-11
316.7327,6.3741E-11
316.74948,6.383E-11
316.76623,6.3912E-11
316.78247,6.3983E-11
316.80034,6.4084E-11
316.81626,6.4186E-11
316.83275,6.4268E-11
316.84953,6.436E-11
316.86712,6.4426E-11
316.88418,6.4521E-11
316.9001,6.4608E-11
316.91743,6.4717E-11
316.93366,6.4817E-11
316.9507,6.4902E-11
316.96803,6.4995E-11
316.98395,6.5089E-11
317.00018,6.5181E-11
317.01777,6.5266E-11
317.03426,6.5371E-11
317.0513,6.5467E-11
317.06808,6.554E-11
317.08512,6.5637E-11
317.10161,6.573E-11
317.11701,6.5843E-11
317.1346,6.594E-11
317.15109,6.6042E-11
317.16787,6.6141E-11
317.18519,6.623E-11
317.20195,6.6321E-11
317.21681,6.6478E-11
317.2341,6.6571E-11
317.25255,6.6655E-11
317.26738,6.6748E-11
317.2847,6.6854E-11
317.30257,6.695E-11
317.31878,6.7062E-11
317.33444,6.7178E-11
317.3526,6.723E-11
317.36826,6.7341E-11
317.38587,6.75E-11
317.40179,6.7607E-11
317.42021,6.7719E-11
317.43535,6.7825E-11
317.45294,6.794E-11
317.46888,6.8053E-11
317.48483,6.8137E-11
317.50242,6.8247E-11
317.52,6.836E-11
317.53403,6.847E-11
317.55299,6.8575E-11
317.57031,6.8707E-11
317.58597,6.8833E-11
317.60192,6.897E-11
317.61787,6.9053E-11
317.63603,6.9205E-11
317.65195,6.9329E-11
317.66844,6.9421E-11
317.68631,6.9566E-11
317.70338,6.9616E-11
317.71875,6.9738E-11
317.73636,6.9881E-11
317.75312,7.0015E-11
317.76961,7.0112E-11
317.78665,7.0248E-11
317.80288,7.0349E-11
317.81964,7.0453E-11
317.83779,7.0577E-11
317.85291,7.0695E-11
317.86969,7.0823E-11
317.8859,7.0964E-11
317.90322,7.108E-11
317.91888,7.1215E-11
317.93647,7.1345E-11
317.95296,7.1478E-11
317.97003,7.1635E-11
317.98732,7.178E-11
318.00301,7.1943E-11
318.02088,7.2013E-11
318.03571,7.2149E-11
318.05304,7.2342E-11
318.06979,7.2499E-11
318.08574,7.2621E-11
318.10473,7.2726E-11
318.1201,7.293E-11
318.13605,7.3075E-11
318.15283,7.3207E-11
318.16958,7.3344E-11
318.18691,7.3426E-11
318.2034,7.3559E-11
318.21826,7.371E-11
318.2361,7.387E-11
318.25343,7.4097E-11
318.2713,7.427E-11
318.28725,7.4454E-11
318.30374,7.4585E-11
318.31969,7.4729E-11
318.33644,7.4896E-11
318.35239,7.4999E-11
318.37026,7.5118E-11
318.38787,7.5336E-11
318.40436,7.5429E-11
318.41974,7.5665E-11
318.43706,7.5804E-11
318.45356,7.597E-11
318.47034,7.6127E-11
318.48738,7.6244E-11
318.50413,7.6473E-11
318.52174,7.6664E-11
318.53878,7.6778E-11
318.55335,7.6904E-11
318.57231,7.714E-11
318.58688,7.7352E-11
318.60447,7.7483E-11
318.62153,7.7657E-11
318.63774,7.7837E-11
318.65561,7.8007E-11
318.67127,7.8187E-11
318.68722,7.8371E-11
318.70426,7.8552E-11
318.72213,7.8733E-11
318.73862,7.8926E-11
318.75486,7.911E-11
318.77216,7.93E-11
318.78839,7.9487E-11
318.8046,7.9668E-11
318.82192,7.9865E-11
318.83758,8.0079E-11
318.85545,8.0256E-11
318.87112,8.0473E-11
318.88899,8.0672E-11
318.90631,8.0888E-11
318.92281,8.1092E-11
318.93847,8.1299E-11
318.95634,8.1514E-11
318.97312,8.1726E-11
318.98852,8.1954E-11
319.00556,8.2151E-11
319.0226,8.2372E-11
319.03938,8.2581E-11
319.05613,8.2817E-11
319.07291,8.306E-11
319.08966,8.3287E-11
319.10644,8.3517E-11
319.12322,8.3696E-11
319.14052,8.3911E-11
319.15621,8.4148E-11
319.17213,8.437E-11
319.18974,8.4579E-11
319.20512,8.4837E-11
319.22356,8.5109E-11
319.23977,8.5338E-11
319.25681,8.56E-11
319.27384,8.5806E-11
319.28896,8.6068E-11
319.30629,8.6305E-11
319.3239,8.6574E-11
319.34119,8.6855E-11
319.35797,8.7084E-11
319.37447,8.7356E-11
319.39151,8.7597E-11
319.40608,8.7871E-11
319.42395,8.8144E-11
319.44265,8.8403E-11
319.45694,8.8661E-11
319.47314,8.8943E-11
319.49075,8.9207E-11
319.50696,8.9513E-11
319.52592,8.9811E-11
319.54132,9.0075E-11
319.55756,9.0364E-11
319.57486,9.0655E-11
319.59055,9.0964E-11
319.60784,9.1243E-11
319.62379,9.1574E-11
319.64083,9.1886E-11
319.65844,9.2162E-11
319.6741,9.2508E-11
319.69169,9.2794E-11
319.70875,9.3154E-11
319.72496,9.3477E-11
319.74174,9.3838E-11
319.75904,9.4153E-11
319.77582,9.448E-11
319.79286,9.4825E-11
319.80881,9.5157E-11
319.82639,9.5509E-11
319.84343,9.5847E-11
319.85992,9.6218E-11
319.87616,9.6597E-11
319.89294,9.6967E-11
319.90886,9.7306E-11
319.92673,9.764E-11
319.94322,9.8011E-11
319.96221,9.8384E-11
319.97704,9.8763E-11
319.99244,9.9152E-11
320.00948,9.9542E-11
320.02761,9.9951E-11
320.04356,1.0037E-10
320.05925,1.0077E-10
320.07738,1.012E-10
320.09278,1.0159E-10
320.10982,1.0203E-10
320.1274,1.0242E-10
320.14473,1.0289E-10
320.16151,1.0332E-10
320.17662,1.0375E-10
320.1953,1.0421E-10
320.21179,1.0467E-10
320.22719,1.0514E-10
320.24561,1.0561E-10
320.2621,1.0608E-10
320.27834,1.0655E-10
320.294,1.0704E-10
320.31104,1.0749E-10
320.32727,1.0803E-10
320.34732,1.0848E-10
320.36161,1.0898E-10
320.37756,1.0951E-10
320.39488,1.1004E-10
320.41138,1.1058E-10
320.42787,1.1117E-10
320.44519,1.1166E-10
320.46195,1.1223E-10
320.47681,1.1282E-10
320.49522,1.134E-10
320.51226,1.1401E-10
320.52904,1.146E-10
320.54499,1.1518E-10
320.56257,1.1582E-10
320.57961,1.1644E-10
320.59556,1.1706E-10
320.61205,1.1771E-10
320.62883,1.1835E-10
320.6467,1.19E-10
320.66262,1.1966E-10
320.67995,1.2037E-10
320.69618,1.2105E-10
320.71322,1.2176E-10
320.72971,1.2249E-10
320.74621,1.232E-10
320.76187,1.2393E-10
320.77945,1.2468E-10
320.79844,1.2546E-10
320.81244,1.2623E-10
320.83005,1.2701E-10
320.84655,1.2783E-10
320.86221,1.2864E-10
320.88117,1.2946E-10
320.89712,1.3033E-10
320.91306,1.3123E-10
320.9301,1.3207E-10
320.94714,1.3297E-10
320.96392,1.3392E-10
320.9807,1.3482E-10
320.99582,1.3576E-10
321.01423,1.3671E-10
321.03099,1.3773E-10
321.04722,1.3874E-10
321.06371,1.3975E-10
321.0813,1.4082E-10
321.09696,1.4188E-10
321.11374,1.4296E-10
321.13078,1.4409E-10
321.14727,1.4523E-10
321.16351,1.4634E-10
321.18109,1.4756E-10
321.19842,1.4877E-10
321.21574,1.5E-10
321.2314,1.512E-10
321.24761,1.5253E-10
321.2633,1.538E-10
321.28114,1.5517E-10
321.29738,1.5656E-10
321.31249,1.5794E-10
321.33036,1.5941E-10
321.34795,1.609E-10
321.36418,1.6244E-10
321.38013,1.6401E-10
321.39605,1.6563E-10
321.41447,1.6725E-10
321.4307,1.6897E-10
321.44745,1.7066E-10
321.46395,1.724E-10
321.48073,1.7428E-10
321.4986,1.7616E-10
321.51509,1.7809E-10
321.53213,1.8008E-10
321.54836,1.8213E-10
321.56457,1.8416E-10
321.58161,1.8629E-10
321.59865,1.8851E-10
321.61626,1.9085E-10
321.63109,1.932E-10
321.64813,1.956E-10
321.666,1.9811E-10
321.6814,2.0072E-10
321.69873,2.0337E-10
321.71522,2.0613E-10
321.73255,2.0893E-10
321.74958,2.1181E-10
321.76525,2.1476E-10
321.78119,2.1777E-10
321.79852,2.2098E-10
321.81501,2.2426E-10
321.83205,2.2775E-10
321.84855,2.3115E-10
321.86475,2.3481E-10
321.88236,2.3857E-10
321.8994,2.4245E-10
321.91535,2.4646E-10
321.93156,2.5054E-10
321.94834,2.5479E-10
321.96647,2.5907E-10
321.98158,2.6357E-10
321.99919,2.6808E-10
322.01486,2.7271E-10
322.03164,2.7739E-10
322.04701,2.8214E-10
322.06462,2.8685E-10
322.08247,2.9172E-10
322.09925,2.9648E-10
322.11629,3.0123E-10
322.13252,3.0591E-10
322.14847,3.1036E-10
322.16605,3.1478E-10
322.18117,3.1892E-10
322.19958,3.2286E-10
322.21553,3.2646E-10
322.23312,3.2985E-10
322.24852,3.3274E-10
322.26501,3.3542E-10
322.28205,3.377E-10
322.29964,3.3956E-10
322.31613,3.4094E-10
322.33236,3.4206E-10
322.34969,3.4273E-10
322.36564,3.4313E-10
322.38156,3.4311E-10
322.39917,3.4285E-10
322.41675,3.4224E-10
322.43325,3.4143E-10
322.44919,3.4029E-10
322.46706,3.3908E-10
322.48382,3.3755E-10
322.50031,3.3598E-10
322.516,3.3411E-10
322.53304,3.3209E-10
322.54982,3.3021E-10
322.56712,3.28E-10
322.58197,3.2575E-10
322.59847,3.2341E-10
322.6166,3.2111E-10
322.632,3.1871E-10
322.64932,3.1625E-10
322.6647,3.1378E-10
322.68286,3.1131E-10
322.69906,3.0884E-10
322.71668,3.0632E-10
322.73234,3.0382E-10
322.74912,3.0141E-10
322.76561,2.9898E-10
322.78236,2.9654E-10
322.79997,2.941E-10
322.81647,2.917E-10
322.83296,2.893E-10
322.84917,2.8701E-10
322.86566,2.8473E-10
322.88325,2.8248E-10
322.89948,2.803E-10
322.91652,2.7813E-10
322.93247,2.7595E-10
322.94922,2.7387E-10
322.966,2.7181E-10
322.98221,2.6978E-10
323.00036,2.6778E-10
323.01657,2.6577E-10
323.03306,2.6385E-10
323.05013,2.6193E-10
323.06717,2.6006E-10
323.08283,2.5815E-10
323.10016,2.5525E-10
323.11665,2.5345E-10
323.13397,2.5172E-10
323.15073,2.4998E-10
323.16696,2.4826E-10
323.18317,2.4659E-10
323.20132,2.449E-10
323.2167,2.4333E-10
323.23348,2.4178E-10
323.25023,2.4018E-10
323.26784,2.387E-10
323.28296,2.3715E-10
323.3,2.3571E-10
323.31704,2.3422E-10
323.33353,2.328E-10
323.35003,2.3141E-10
323.36735,2.3001E-10
323.38413,2.2864E-10
323.40117,2.2723E-10
323.41655,2.2593E-10
323.43361,2.2462E-10
323.45148,2.2334E-10
323.46823,2.2206E-10
323.48527,2.2077E-10
323.50122,2.1954E-10
323.51826,2.1832E-10
323.53532,2.1711E-10
323.55182,2.1589E-10
323.56857,2.1472E-10
323.58397,2.1354E-10
323.60184,2.1237E-10
323.61834,2.113E-10
323.63455,2.1014E-10
323.65296,2.0903E-10
323.66945,2.08E-10
323.6854,2.0695E-10
323.70164,2.0587E-10
323.71951,2.0485E-10
323.73626,2.0382E-10
323.7533,2.0278E-10
323.76979,2.0181E-10
323.78795,2.0072E-10
323.80332,1.9986E-10
323.81956,1.989E-10
323.83605,1.9794E-10
323.85364,1.9703E-10
323.87042,1.9609E-10
323.88717,1.9523E-10
323.90478,1.9431E-10
323.92073,1.9345E-10
323.93748,1.9246E-10
323.95452,1.9163E-10
323.97075,1.9072E-10
323.98779,1.8989E-10
324.00512,1.8905E-10
324.02353,1.8827E-10
324.03865,1.8747E-10
324.05351,1.8669E-10
324.07081,1.8586E-10
324.08813,1.85E-10
324.10462,1.8427E-10
324.12083,1.8352E-10
324.1379,1.8261E-10
324.15384,1.8196E-10
324.17226,1.8121E-10
324.18792,1.8044E-10
324.20551,1.7966E-10
324.22036,1.7887E-10
324.2374,1.7829E-10
324.25553,1.7757E-10
324.27039,1.7689E-10
324.28852,1.7617E-10
324.3053,1.7547E-10
324.32179,1.748E-10
324.33857,1.7413E-10
324.35532,1.7352E-10
324.37182,1.7284E-10
324.38914,1.7217E-10
324.40509,1.7151E-10
324.42158,1.7088E-10
324.43945,1.7018E-10
324.45486,1.6957E-10
324.47382,1.6901E-10
324.48977,1.6839E-10
324.50652,1.6777E-10
324.52356,1.6707E-10
324.53951,1.6655E-10
324.556,1.6592E-10
324.57304,1.6533E-10
324.58953,1.6476E-10
324.60631,1.642E-10
324.62281,1.6361E-10
324.63821,1.6302E-10
324.65579,1.6249E-10
324.67283,1.6195E-10
324.68852,1.6135E-10
324.70501,1.6081E-10
324.72343,1.6027E-10
324.73964,1.5978E-10
324.75668,1.5922E-10
324.77262,1.5871E-10
324.78857,1.582E-10
324.80727,1.5767E-10
324.82239,1.5716E-10
324.8386,1.5665E-10
324.85538,1.5615E-10
324.87242,1.5567E-10
324.88945,1.5516E-10
324.90595,1.5466E-10
324.9219,1.5419E-10
324.93948,1.5371E-10
324.95517,1.5324E-10
324.97166,1.5281E-10
324.9887,1.5232E-10
325.00519,1.5186E-10
325.02252,1.5139E-10
325.03982,1.5093E-10
325.05605,1.5047E-10
325.07088,1.5003E-10
325.08849,1.4955E-10
325.1047,1.4921E-10
325.12148,1.4874E-10
325.13852,1.4829E-10
325.15556,1.4791E-10
325.17151,1.4749E-10
325.18771,1.4701E-10
325.20449,1.4654E-10
325.22125,1.462E-10
325.23831,1.4583E-10
325.25423,1.4543E-10
325.2721,1.4502E-10
325.28751,1.4455E-10
325.30429,1.4417E-10
325.32158,1.438E-10
325.33699,1.434E-10
325.35514,1.4299E-10
325.37244,1.4259E-10
325.38813,1.422E-10
325.40517,1.4186E-10
325.42192,1.4149E-10
325.4387,1.411E-10
325.45491,1.4073E-10
325.47169,1.4036E-10
325.48984,1.4E-10
325.50522,1.3965E-10
325.52255,1.3929E-10
325.53875,1.3892E-10
325.5539,1.3857E-10
325.57257,1.3822E-10
325.58961,1.3785E-10
325.6053,1.375E-10
325.62288,1.3715E-10
325.63938,1.3684E-10
325.6567,1.3647E-10
325.67236,1.3612E-10
325.68803,1.3578E-10
325.70564,1.3545E-10
325.72158,1.3509E-10
325.73834,1.3478E-10
325.75429,1.3444E-10
325.77161,1.3411E-10
325.78727,1.3378E-10
325.80569,1.3346E-10
325.82218,1.3315E-10
325.83922,1.3283E-10
325.85571,1.3251E-10
325.87304,1.3219E-10
325.88925,1.3189E-10
325.90603,1.3156E-10
325.92223,1.3127E-10
325.93984,1.3096E-10
325.95688,1.3066E-10
325.97309,1.3035E-10
325.98823,1.3007E-10
326.00636,1.2976E-10
326.02231,1.2947E-10
326.03909,1.2918E-10
326.05722,1.2889E-10
326.07455,1.2861E-10
326.08883,1.2832E-10
326.10561,1.2804E-10
326.12319,1.2776E-10
326.13969,1.2747E-10
326.15618,1.2718E-10
326.17377,1.2691E-10
326.19055,1.2663E-10
326.20704,1.2636E-10
326.2227,1.2609E-10
326.23948,1.2581E-10
326.2579,1.2555E-10
326.2733,1.2527E-10
326.2906,1.2501E-10
326.30738,1.2475E-10
326.32304,1.2449E-10
326.34091,1.2423E-10
326.3574,1.2396E-10
326.37418,1.2369E-10
326.39177,1.2345E-10
326.40662,1.2319E-10
326.42449,1.2293E-10
326.44179,1.2267E-10
326.45748,1.2241E-10
326.47369,1.2217E-10
326.4921,1.2191E-10
326.50834,1.2167E-10
326.52564,1.2142E-10
326.54132,1.2119E-10
326.55974,1.2093E-10
326.57649,1.2068E-10
326.59327,1.2044E-10
326.61005,1.202E-10
326.62818,1.1996E-10
326.64413,1.1972E-10
326.66034,1.1948E-10
326.67821,1.1926E-10
326.69416,1.1902E-10
326.71174,1.1879E-10
326.72823,1.1856E-10
326.74447,1.1833E-10
326.76205,1.181E-10
326.77883,1.1787E-10
326.79642,1.1764E-10
326.81374,1.174E-10
326.83023,1.1719E-10
326.84618,1.1697E-10
326.86351,1.1676E-10
326.88055,1.1653E-10
326.89758,1.1631E-10
326.91379,1.1611E-10
326.93112,1.1589E-10
326.94569,1.1569E-10
326.96494,1.1547E-10
326.98088,1.1527E-10
326.99821,1.1505E-10
327.0147,1.1484E-10
327.032,1.1464E-10
327.04878,1.1443E-10
327.06553,1.1423E-10
327.08231,1.1402E-10
327.10073,1.1382E-10
327.11613,1.1362E-10
327.13455,1.134E-10
327.15075,1.132E-10
327.16753,1.1301E-10
327.18457,1.1281E-10
327.20135,1.1261E-10
327.21756,1.1241E-10
327.23543,1.1222E-10
327.25192,1.1204E-10
327.26732,1.1184E-10
327.28519,1.1165E-10
327.3014,1.1144E-10
327.31764,1.1124E-10
327.33714,1.1106E-10
327.35255,1.1087E-10
327.3693,1.1068E-10
327.38662,1.105E-10
327.40366,1.1031E-10
327.42016,1.1012E-10
327.4361,1.0995E-10
327.45288,1.0977E-10
327.47047,1.0958E-10
327.48613,1.0942E-10
327.504,1.0923E-10
327.52104,1.0905E-10
327.5381,1.0888E-10
327.5546,1.0869E-10
327.57164,1.0852E-10
327.58839,1.0834E-10
327.60517,1.0818E-10
327.62112,1.0801E-10
327.63706,1.0784E-10
327.65494,1.0767E-10
327.67252,1.075E-10
327.68984,1.0733E-10
327.70634,1.0717E-10
327.72283,1.07E-10
327.73878,1.0682E-10
327.758,1.0666E-10
327.77257,1.0649E-10
327.79099,1.0633E-10
327.80613,1.0617E-10
327.82179,1.0599E-10
327.83855,1.0583E-10
327.85699,1.0568E-10
327.87374,1.0553E-10
327.8886,1.0537E-10
327.90673,1.0523E-10
327.92296,1.0507E-10
327.94026,1.049E-10
327.95621,1.0474E-10
327.97244,1.046E-10
327.98919,1.0444E-10
328.00652,1.0429E-10
328.02384,1.0414E-10
328.04034,1.0398E-10
328.05792,1.0382E-10
328.07332,1.0367E-10
328.09008,1.0352E-10
328.10686,1.0336E-10
328.12444,1.0321E-10
328.14205,1.0306E-10
328.15743,1.029E-10
328.17504,1.0277E-10
328.19208,1.0262E-10
328.20748,1.0247E-10
328.22506,1.0233E-10
328.2421,1.0218E-10
328.25914,1.0205E-10
328.27618,1.0189E-10
328.29242,1.0175E-10
328.31029,1.016E-10
328.32649,1.0147E-10
328.34353,1.0132E-10
328.36086,1.0119E-10
328.3779,1.0105E-10
328.39522,1.009E-10
328.41088,1.0076E-10
328.42821,1.0062E-10
328.4447,1.0047E-10
328.46203,1.0033E-10
328.47881,1.0018E-10
328.49584,1.0006E-10
328.51205,9.99E-11
328.52964,9.9773E-11
328.54696,9.9623E-11
328.56345,9.9527E-11
328.58132,9.9396E-11
328.5981,9.924E-11
328.61377,9.9116E-11
328.63135,9.8933E-11
328.64784,9.8828E-11
328.66683,9.8706E-11
328.68304,9.8573E-11
328.69844,9.8461E-11
328.71577,9.8307E-11
328.73143,9.8164E-11
328.74956,9.8057E-11
328.76496,9.7932E-11
328.78447,9.7803E-11
328.79961,9.7689E-11
328.81774,9.7569E-11
328.83478,9.7421E-11
328.85127,9.731E-11
328.86751,9.7186E-11
328.88288,9.7064E-11
328.90187,9.6949E-11
328.91808,9.6839E-11
328.93486,9.6704E-11
328.95216,9.6576E-11
328.96977,9.6464E-11
328.98597,9.6338E-11
329.00301,9.6167E-11
329.01951,9.6049E-11
329.03712,9.5943E-11
329.05387,9.5811E-11
329.06982,9.5723E-11
329.0874,9.5562E-11
329.1039,9.5457E-11
329.12122,9.5336E-11
329.13855,9.5156E-11
329.15449,9.5042E-11
329.17153,9.4916E-11
329.18831,9.4808E-11
329.20481,9.4688E-11
329.2221,9.4578E-11
329.23997,9.4462E-11
329.25704,9.4349E-11
329.27325,9.4234E-11
329.29057,9.4138E-11
329.30732,9.4011E-11
329.32494,9.3905E-11
329.34252,9.3791E-11
329.35873,9.3685E-11
329.37442,9.357E-11
329.392,9.3472E-11
329.40904,9.3355E-11
329.42416,9.325E-11
329.44203,9.3148E-11
329.45771,9.3032E-11
329.47556,9.2926E-11
329.49096,9.2828E-11
329.50636,9.2718E-11
329.52203,9.262E-11
329.53743,9.2522E-11
329.55255,9.2418E-11
329.56766,9.2327E-11
329.57234,9.2322E-11
329.59543,9.2228E-11
329.60753,9.2143E-11
329.62153,9.2054E-11
329.6361,9.1971E-11
329.6493,9.1897E-11
329.66223,9.1824E-11
329.67268,9.1694E-11
329.68558,9.1599E-11
329.69577,9.1537E-11
329.70621,9.1483E-11
329.71777,9.1423E-11
329.72875,9.138E-11
329.73919,9.1345E-11
329.74909,9.1352E-11
329.75873,9.1307E-11
329.76805,9.1269E-11
329.77823,9.123E-11
329.7873,9.1167E-11
329.79527,9.1098E-11
329.80325,9.1062E-11
329.81205,9.1036E-11
329.82083,9.1023E-11
329.82826,9.0986E-11
329.83623,9.097E-11
329.84366,9.0958E-11
329.85164,9.0936E-11
329.85932,9.0907E-11
329.86758,9.0887E-11
329.87473,9.086E-11
329.88158,9.0826E-11
329.8901,9.0804E-11
329.89727,9.0767E-11
329.9033,9.0741E-11
329.91101,9.0719E-11
329.91787,9.069E-11
329.92639,9.0631E-11
329.93299,9.061E-11
329.94016,9.0573E-11
329.94839,9.051E-11
329.95636,9.0459E-11
329.96405,9.0441E-11
329.97094,9.0405E-11
329.98192,9.0346E-11
329.98826,9.0316E-11
329.99457,9.0275E-11
330.00558,9.0231E-11
330.01327,9.022E-11
330.02151,9.0174E-11
330.02977,9.0144E-11
330.03829,9.0101E-11
330.04681,9.005E-11
330.05836,9.0005E-11
330.06577,8.9951E-11
330.07566,8.9904E-11
330.0853,8.9838E-11
330.09436,8.9779E-11
330.10564,8.9719E-11
330.11608,8.966E-11
330.12543,8.9594E-11
330.13779,8.952E-11
330.14823,8.9455E-11
330.15896,8.9385E-11
330.1719,8.9338E-11
330.18234,8.9264E-11
330.19332,8.9199E-11
330.20681,8.913E-11
330.21862,8.9052E-11
330.23099,8.8983E-11
330.24447,8.8917E-11
330.25629,8.8842E-11
330.26894,8.8764E-11
330.28156,8.8696E-11
330.29504,8.8615E-11
330.30932,8.8541E-11
330.32171,8.8456E-11
330.33571,8.8377E-11
330.35083,8.8298E-11
330.3654,8.8218E-11
330.37888,8.8128E-11
330.39429,8.8045E-11
330.40886,8.7962E-11
330.42452,8.7876E-11
330.44018,8.7788E-11
330.45475,8.7694E-11
330.47096,8.7611E-11
330.48582,8.7521E-11
330.5026,8.7425E-11
330.5199,8.7328E-11
330.53421,8.7245E-11
330.55179,8.7154E-11
330.56857,8.707E-11
330.58478,8.697E-11
330.60319,8.687E-11
330.6186,8.6781E-11
330.63618,8.6685E-11
330.65296,8.6585E-11
330.67221,8.649E-11
330.68813,8.6389E-11
330.70712,8.6302E-11
330.72608,8.6196E-11
330.74478,8.6096E-11
330.76236,8.6006E-11
330.78216,8.5906E-11
330.80112,8.5813E-11
330.81899,8.5706E-11
330.83823,8.5622E-11
330.85694,8.5511E-11
330.87481,8.5406E-11
330.8954,8.531E-11
330.91494,8.5187E-11
330.9339,8.5092E-11
330.95369,8.4992E-11
330.97322,8.4894E-11
330.99164,8.4802E-11
331.01252,8.4703E-11
331.03094,8.4599E-11
331.05265,8.4511E-11
331.07299,8.4408E-11
331.09197,8.4309E-11
331.11203,8.4213E-11
331.13403,8.4118E-11
331.15244,8.4021E-11
331.17332,8.3923E-11
331.19231,8.3829E-11
331.21429,8.373E-11
331.23465,8.3664E-11
331.25499,8.3565E-11
331.27587,8.3475E-11
331.29787,8.3375E-11
331.31792,8.3296E-11
331.33745,8.3202E-11
331.35834,8.3099E-11
331.38034,8.3005E-11
331.40122,8.2908E-11
331.42075,8.2819E-11
331.44273,8.2722E-11
331.46252,8.2631E-11
331.48369,8.2546E-11
331.50514,8.2443E-11
331.52519,8.2344E-11
331.54719,8.2255E-11
331.56727,8.2166E-11
331.58761,8.2088E-11
331.61016,8.1985E-11
331.63104,8.1883E-11
331.65249,8.1791E-11
331.67171,8.1706E-11
331.69345,8.1593E-11
331.71571,8.1506E-11
331.73634,8.1384E-11
331.75613,8.133E-11
331.77784,8.1235E-11
331.7979,8.1123E-11
331.81906,8.1029E-11
331.8394,8.0918E-11
331.86057,8.0889E-11
331.88036,8.0794E-11
331.90182,8.0726E-11
331.9227,8.0648E-11
331.94332,8.0556E-11
331.96449,8.0453E-11
331.984,8.0349E-11
332.00491,8.0274E-11
332.0247,8.0194E-11
332.0453,8.0106E-11
332.06566,8.0035E-11
332.08545,7.9959E-11
332.10771,7.9872E-11
332.12642,7.9801E-11
332.14813,7.9729E-11
332.16738,7.9647E-11
332.18771,7.9574E-11
332.20722,7.9501E-11
332.2273,7.9427E-11
332.24626,7.9357E-11
332.26468,7.9292E-11
332.28639,7.9206E-11
332.30618,7.9141E-11
332.32652,7.9066E-11
332.34605,7.8998E-11
332.36418,7.8928E-11
332.38317,7.8857E-11
332.40377,7.8787E-11
332.42301,7.8717E-11
332.44281,7.8653E-11
332.46151,7.8581E-11
332.47964,7.8517E-11
332.50026,7.8443E-11
332.51842,7.8382E-11
332.53709,7.8318E-11
332.55608,7.8247E-11
332.57558,7.8186E-11
332.594,7.8121E-11
332.61299,7.8058E-11
332.63057,7.8023E-11
332.6479,7.7971E-11
332.66712,7.7903E-11
332.68556,7.7848E-11
332.70369,7.7796E-11
332.72101,7.7735E-11
332.73997,7.7665E-11
332.75813,7.7567E-11
332.77626,7.7496E-11
332.79468,7.7433E-11
332.81145,7.7377E-11
332.82766,7.7319E-11
332.84665,7.7262E-11
332.86257,7.7222E-11
332.88099,7.7156E-11
332.89914,7.7113E-11
332.91618,7.7044E-11
332.93296,7.6983E-11
332.94945,7.6944E-11
332.9654,7.6888E-11
332.98327,7.6824E-11
332.99948,7.6767E-11
333.0146,7.6733E-11
333.03109,7.6671E-11
333.04951,7.6611E-11
