0,331.16618,3.38E-12,-0.0489239999999995
0.5,331.14008,3.23E-12,-0.0484999999999985
1,331.11616,3.25E-12,-0.0480520000000013
1.5,331.09169,3.81E-12,-0.0480520000000013
2,331.06613,5.05E-12,-0.0471680000000021
2.5,331.04387,5.05E-12,-0.0476159999999993
3,331.01883,5.41E-12,-0.046284
3.5,330.99603,4.39E-12,-0.0479399999999998
4,330.97156,4.94E-12,-0.0476159999999993
4.5,330.94821,4.81E-12,-0.0471800000000002
5,330.92483,4.99E-12,-0.0487160000000017
5.5,330.90312,6.53E-12,-0.0489360000000005
6,330.87618,5.56E-12,-0.0491520000000008
6.5,330.85252,4.89E-12,-0.0487079999999992
7,330.83026,5.49E-12,-0.0499239999999986
7.5,330.80304,5.4E-12,-0.0488199999999978
8,330.78078,5.13E-12,-0.0498080000000016
8.5,330.7533,5.7E-12,-0.0483839999999987
9,330.73075,5.71E-12,-0.0493719999999996
9.5,330.70545,5.64E-12,-0.0497039999999998
10,330.68099,5.67E-12,-0.049260000000001
10.5,330.65626,6.92E-12,-0.0490399999999994
11,330.63234,7.85E-12,-0.0498080000000016
11.5,330.60732,5.64E-12,-0.049588
12,330.58119,5.72E-12,-0.0491399999999999
12.5,330.55784,6.14E-12,-0.0499200000000002
13,330.53366,6.07E-12,-0.0500360000000001
13.5,330.50782,5.94E-12,-0.050139999999999
14,330.48335,5.88E-12,-0.0511360000000025
14.5,330.45834,5.93E-12,-0.0516880000000015
15,330.43304,6.42E-12,-0.0522279999999995
15.5,330.40857,6.81E-12,-0.0533279999999991
16,330.38247,5.82E-12,-0.0528959999999984
16.5,330.35551,6.48E-12,-0.0544239999999974
17,330.32912,6.51E-12,-0.054867999999999
17.5,330.30247,6.41E-12,-0.0553159999999991
18,330.27525,6.46E-12,-0.0550880000000007
18.5,330.25023,6.52E-12,-0.0552000000000021
19,330.21945,6.64E-12,-0.053776000000002
19.5,330.19195,7.2E-12,-0.0535480000000007
20,330.16418,7.11E-12,-0.0528840000000002
20.5,330.13753,8.83E-12,-0.0528919999999999
21,330.11223,8.74E-12,-0.0540959999999984
21.5,330.08501,7.28E-12,-0.0539839999999998
22,330.05808,6.67E-12,-0.0537679999999995
22.5,330.03197,6.71E-12,-0.0542120000000011
23,330.0053,8.27E-12,-0.0544319999999999
23.5,329.97699,8.16E-12,-0.0539960000000008
24,329.95005,7.35E-12,-0.0543279999999982
24.5,329.92366,7.28E-12,-0.0550960000000003
25,329.89644,7.28E-12,-0.0551999999999993
25.5,329.86922,6.63E-12,-0.0555319999999995
26,329.842,6.74E-12,-0.0562919999999991
26.5,329.81423,7.37E-12,-0.0572880000000026
27,329.78592,7.45E-12,-0.0570679999999982
27.5,329.75844,7.61E-12,-0.0575040000000001
28,329.73039,7.75E-12,-0.0578400000000016
28.5,329.70127,8.3E-12,-0.0575160000000011
29,329.67101,8.27E-12,-0.0572879999999998
29.5,329.64325,8.17E-12,-0.0578400000000016
30,329.61468,8.16E-12,-0.0577359999999999
30.5,329.58579,8.21E-12,-0.058159999999998
31,329.55748,9.38E-12,-0.0597080000000005
31.5,329.52779,8.47E-12,-0.0594799999999992
32,329.49865,8.58E-12,-0.0601439999999997
32.5,329.47034,8.7E-12,-0.0600320000000011
33,329.44039,8.76E-12,-0.0605919999999998
33.5,329.40821,8.86E-12,-0.0600319999999982
34,329.37909,9.02E-12,-0.0596039999999988
34.5,329.34829,9.16E-12,-0.0600320000000011
35,329.32026,9.24E-12,-0.0614640000000009
35.5,329.28891,9.37E-12,-0.0610280000000017
36,329.25813,9.43E-12,-0.0608120000000014
36.5,329.23008,9.55E-12,-0.0622360000000015
37,329.19821,9.61E-12,-0.0608119999999985
37.5,329.1666,9.73E-12,-0.0603759999999994
38,329.13634,9.86E-12,-0.0602519999999998
38.5,329.1061,9.91E-12,-0.0606959999999987
39,329.07449,1.005E-11,-0.0599240000000009
39.5,329.04618,1.012E-11,-0.0612480000000005
40,329.01566,1.027E-11,-0.0616839999999996
40.5,328.98571,1.035E-11,-0.0624599999999987
41,328.95436,1.049E-11,-0.0625640000000004
41.5,328.92468,1.055E-11,-0.0631199999999978
42,328.89306,1.076E-11,-0.0633319999999998
42.5,328.86145,1.085E-11,-0.0633319999999998
43,328.82956,1.1E-11,-0.0629000000000019
43.5,328.79795,1.117E-11,-0.0620159999999998
44,328.76688,1.127E-11,-0.0626800000000003
44.5,328.73473,1.143E-11,-0.0622440000000012
45,328.70312,1.152E-11,-0.0630159999999989
45.5,328.67231,1.169E-11,-0.0633359999999982
46,328.64291,1.179E-11,-0.0646559999999994
46.5,328.61018,1.197E-11,-0.0643200000000007
47,328.57912,1.211E-11,-0.0647599999999983
47.5,328.54558,1.276E-11,-0.0647559999999999
48,328.51397,1.269E-11,-0.0641040000000004
48.5,328.48127,1.27E-11,-0.0635640000000024
49,328.44938,1.281E-11,-0.0639999999999986
49.5,328.41722,1.29E-11,-0.0641040000000004
50,328.38369,1.355E-11,-0.0640000000000015
50.5,328.35371,1.358E-11,-0.0654200000000003
51,328.32236,1.363E-11,-0.0662959999999998
51.5,328.28938,1.371E-11,-0.0657560000000018
52,328.25696,1.389E-11,-0.0658680000000004
52.5,328.22369,1.397E-11,-0.0655399999999986
53,328.19016,1.417E-11,-0.0647719999999992
53.5,328.15662,1.441E-11,-0.0641120000000001
54,328.12499,1.455E-11,-0.0648719999999997
54.5,328.09229,1.482E-11,-0.0659760000000006
55,328.05984,1.496E-11,-0.0656400000000019
55.5,328.02823,1.572E-11,-0.0663039999999995
56,327.99634,1.628E-11,-0.067179999999999
56.5,327.96281,1.629E-11,-0.0654239999999987
57,327.92735,1.637E-11,-0.065755999999999
57.5,327.89574,1.698E-11,-0.0659719999999993
58,327.86247,1.701E-11,-0.0663080000000008
58.5,327.82839,1.707E-11,-0.0665240000000011
59,327.79925,1.827E-11,-0.0689480000000003
59.5,327.76296,1.707E-11,-0.0671880000000016
60,327.73081,1.785E-11,-0.0678480000000008
60.5,327.6967,1.79E-11,-0.0677279999999996
61,327.66208,1.853E-11,-0.0664199999999994
61.5,327.62688,2.123E-11,-0.0656400000000019
62,327.59499,1.196E-11,-0.0664119999999997
62.5,327.56119,1.275E-11,-0.0658680000000004
63,327.52738,1.821E-11,-0.0658720000000017
63.5,327.49603,1.975E-11,-0.0676279999999991
64,327.46278,1.975E-11,-0.0682919999999996
64.5,327.42896,2.041E-11,-0.0679599999999994
65,327.39652,2.107E-11,-0.0684999999999974
65.5,327.3627,2.182E-11,-0.0683959999999985
66,327.32696,2.188E-11,-0.0669600000000003
66.5,327.29205,2.28E-11,-0.0664079999999984
67,327.25906,2.405E-11,-0.0673959999999994
67.5,327.22527,2.298E-11,-0.0674080000000004
68,327.19171,2.39E-11,-0.0682800000000015
68.5,327.15956,2.444E-11,-0.0687280000000015
69,327.12603,2.465E-11,-0.0697159999999997
69.5,327.09057,2.525E-11,-0.0690600000000018
70,327.05675,2.593E-11,-0.0686120000000017
70.5,327.02101,2.591E-11,-0.0683920000000001
71,326.98774,2.74E-11,-0.0687159999999977
71.5,326.95174,2.747E-11,-0.0686120000000017
72,326.91792,2.823E-11,-0.069047999999998
72.5,326.88522,2.913E-11,-0.0700479999999999
73,326.85003,2.922E-11,-0.0693839999999994
73.5,326.81595,3.064E-11,-0.0691640000000007
74,326.78021,3.069E-11,-0.0692800000000005
74.5,326.7453,3.204E-11,-0.0679599999999994
75,326.7101,3.272E-11,-0.0682799999999986
75.5,326.67657,3.329E-11,-0.0685079999999999
76,326.64304,3.402E-11,-0.0700479999999999
76.5,326.60701,3.463E-11,-0.0688279999999992
77,326.5754,3.573E-11,-0.070368000000002
77.5,326.5394,3.633E-11,-0.0691640000000007
78,326.5053,3.757E-11,-0.0693839999999994
78.5,326.46792,3.877E-11,-0.0685079999999999
79,326.43494,3.954E-11,-0.0693839999999994
79.5,326.39948,4.175E-11,-0.0699439999999981
80,326.36649,4.122E-11,-0.0705960000000005
80.5,326.33184,4.279E-11,-0.0701480000000004
81,326.29665,4.389E-11,-0.0694960000000009
81.5,326.26148,4.573E-11,-0.0694960000000009
82,326.22462,4.752E-11,-0.0684960000000018
82.5,326.19,4.859E-11,-0.0688320000000004
83,326.15647,5.04E-11,-0.0694960000000009
83.5,326.12291,5.153E-11,-0.0702560000000005
84,326.08774,5.398E-11,-0.0693799999999982
84.5,326.05338,5.398E-11,-0.069495999999998
85,326.01792,5.945E-11,-0.0688400000000002
85.5,325.98273,5.837E-11,-0.0692800000000005
86,325.94727,6.557E-11,-0.068943999999999
86.5,325.91429,6.713E-11,-0.0734560000000016
87,325.87964,6.502E-11,-0.0726880000000023
87.5,325.84582,6.739E-11,-0.0734559999999988
88,325.80953,6.989E-11,-0.0730079999999987
88.5,325.77491,7.357E-11,-0.0724680000000006
89,325.73065,7.93E-11,-0.0685079999999999
89.5,325.69792,7.82E-11,-0.0695999999999998
90,325.66218,8.4E-11,-0.0698160000000001
90.5,325.62701,8.46E-11,-0.069380000000001
91,325.59374,9.13E-11,-0.0693799999999982
91.5,325.55938,9.23E-11,-0.0697159999999997
92,325.52392,1.002E-10,-0.0687279999999987
92.5,325.48764,1.059E-10,-0.0707040000000006
93,325.45356,1.068E-10,-0.0700479999999999
93.5,325.42029,1.14E-10,-0.0704840000000019
94,325.38509,1.204E-10,-0.0706999999999994
94.5,325.3521,1.288E-10,-0.0712520000000012
95,325.31088,1.299E-10,-0.0685079999999999
95.5,325.27844,1.39E-10,-0.069495999999998
96,325.24408,1.535E-10,-0.0692800000000005
96.5,325.20834,1.59E-10,-0.0691640000000007
97,325.17397,1.722E-10,-0.069495999999998
97.5,325.13961,1.789E-10,-0.0693799999999982
98,325.1047,1.942E-10,-0.0683960000000013
98.5,325.07088,2.027E-10,-0.068943999999999
99,325.03543,2.222E-10,-0.0685079999999999
99.5,325.00023,2.423E-10,-0.0694960000000009
100,324.96616,2.544E-10,-0.0696000000000026
100.5,324.93371,2.805E-10,-0.0697119999999984
101,324.89852,2.955E-10,-0.0693839999999994
101.5,324.86416,3.291E-10,-0.0693839999999994
102,324.82649,3.484E-10,-0.0686120000000017
102.5,324.79216,3.916E-10,-0.0687279999999987
103,324.75943,4.438E-10,-0.0696000000000026
103.5,324.72506,4.744E-10,-0.069380000000001
104,324.6907,5.433E-10,-0.0695999999999998
104.5,324.65496,5.844E-10,-0.0686119999999988
105,324.62034,6.779E-10,-0.0689480000000003
105.5,324.58543,7.332E-10,-0.0683959999999985
106,324.55161,8.636E-10,-0.0682799999999986
106.5,324.5167,1.0268E-9,-0.0686120000000017
107,324.48343,1.1229E-9,-0.0692679999999996
107.5,324.44797,1.3534E-9,-0.0685079999999999
108,324.41444,1.4901E-9,-0.0690599999999989
108.5,324.38091,1.8185E-9,-0.0691760000000016
109,324.34517,2.0138E-9,-0.0683959999999985
109.5,324.31026,2.482E-9,-0.0680720000000008
110,324.2767,3.0895E-9,-0.0694839999999999
110.5,324.24179,3.4563E-9,-0.0687160000000006
111,324.20797,4.3442E-9,-0.069047999999998
111.5,324.17418,4.8735E-9,-0.0686120000000017
112,324.14008,6.0778E-9,-0.0685000000000002
112.5,324.10299,6.7255E-9,-0.0673039999999986
113,324.07,8.0841E-9,-0.0677400000000006
113.5,324.03535,9.4842E-9,-0.0668560000000014
114,324.00265,1.01887E-8,-0.0677399999999977
114.5,323.96883,1.15495E-8,-0.0681759999999997
115,323.93473,1.21977E-8,-0.0674000000000007
115.5,323.90065,1.34744E-8,-0.0676279999999991
116,323.86821,1.41217E-8,-0.0677320000000009
116.5,323.8333,1.53998E-8,-0.0667439999999999
117,323.79839,1.60175E-8,-0.0661920000000009
117.5,323.76623,1.7038E-8,-0.0668560000000014
118,323.73158,1.75162E-8,-0.0667400000000015
118.5,323.69888,1.75289E-8,-0.0661999999999978
119,323.66644,1.71504E-8,-0.0671880000000016
119.5,323.63291,1.68381E-8,-0.0670760000000001
120,323.59909,1.60421E-8,-0.0670760000000001
120.5,323.56473,1.56155E-8,-0.0666399999999982
121,323.53338,1.47529E-8,-0.0675120000000021
121.5,323.49847,1.43136E-8,-0.0665239999999983
122,323.46522,1.34643E-8,-0.0667439999999999
122.5,323.4314,1.27119E-8,-0.0660879999999992
123,323.39813,1.24246E-8,-0.0660760000000011
123.5,323.3646,1.17839E-8,-0.0645399999999995
124,323.33216,1.14971E-8,-0.0653120000000001
124.5,323.29836,1.09985E-8,-0.0650999999999982
125,323.26618,1.07686E-8,-0.0659719999999993
125.5,323.23294,1.03423E-8,-0.0665279999999996
126,323.20325,1.01532E-8,-0.0678439999999995
126.5,323.16888,9.7924E-9,-0.0668560000000014
127,323.13561,9.625E-9,-0.0669600000000003
127.5,323.10125,9.3161E-9,-0.0658600000000007
128,323.06662,9.0279E-9,-0.0657560000000018
128.5,323.03364,8.8925E-9,-0.0658719999999988
129,323.00174,8.6366E-9,-0.0671879999999987
129.5,322.96821,8.5177E-9,-0.0665240000000011
130,322.9366,8.2911E-9,-0.0673039999999986
130.5,322.90223,8.1861E-9,-0.0667519999999996
131,322.86896,7.9805E-9,-0.0665240000000011
131.5,322.83377,7.7878E-9,-0.0661920000000009
132,322.8019,7.6967E-9,-0.0669719999999984
132.5,322.76834,7.5203E-9,-0.0665240000000011
133,322.73535,7.4364E-9,-0.066628
133.5,322.70265,7.2779E-9,-0.0658719999999988
134,322.66829,7.2009E-9,-0.0655400000000014
134.5,322.63447,7.0502E-9,-0.0655400000000014
135,322.60203,6.9122E-9,-0.0650920000000013
135.5,322.56878,6.842E-9,-0.0648839999999979
136,322.53797,6.7106E-9,-0.0661920000000009
136.5,322.50444,6.6466E-9,-0.0655359999999973
137,322.47062,6.5231E-9,-0.0648719999999997
137.5,322.4393,6.4645E-9,-0.0655399999999986
138,322.40657,6.3505E-9,-0.0652040000000028
138.5,322.37249,6.2945E-9,-0.0645399999999995
139,322.3406,6.1867E-9,-0.0654240000000016
139.5,322.30844,6.0822E-9,-0.0658600000000007
140,322.27545,6.0311E-9,-0.0656399999999991
140.5,322.24356,5.9355E-9,-0.0655279999999976
141,322.21114,5.8882E-9,-0.0653199999999998
141.5,322.17704,5.7941E-9,-0.0648719999999997
142,322.14379,5.7059E-9,-0.0644359999999978
142.5,322.11135,5.6603E-9,-0.0646560000000022
143,322.07974,5.5749E-9,-0.065204
143.5,322.04784,5.5334E-9,-0.065204
144,322.01486,5.4528E-9,-0.0646559999999994
144.5,321.9827,5.4148E-9,-0.0649880000000024
145,321.94971,5.3373E-9,-0.0637799999999999
145.5,321.91673,5.3001E-9,-0.0641160000000014
146,321.88483,5.2263E-9,-0.0638840000000016
146.5,321.85322,5.1551E-9,-0.0648719999999997
147,321.82023,5.1194E-9,-0.0638839999999988
147.5,321.79026,5.052E-9,-0.0645399999999995
148,321.75644,5.0187E-9,-0.0638839999999988
148.5,321.72512,4.954E-9,-0.0642200000000002
149,321.69104,4.9212E-9,-0.0634479999999996
149.5,321.66052,4.8583E-9,-0.0636680000000013
150,321.62891,4.7974E-9,-0.0641159999999985
150.5,321.59673,4.7679E-9,-0.064324000000002
151,321.56457,4.709E-9,-0.0641040000000004
151.5,321.53242,4.6803E-9,-0.063888
152,321.50135,4.6249E-9,-0.0638839999999988
152.5,321.46862,4.5961E-9,-0.0633319999999998
153,321.43592,4.5428E-9,-0.0625639999999976
153.5,321.40431,4.4902E-9,-0.0634479999999996
154,321.3727,4.4626E-9,-0.0640000000000015
154.5,321.34164,4.4121E-9,-0.063336000000001
155,321.31029,4.3875E-9,-0.0637720000000002
155.5,321.27951,4.3375E-9,-0.0636680000000013
156,321.24569,4.314E-9,-0.0625679999999988
156.5,321.2127,4.2662E-9,-0.0621279999999984
157,321.1833,4.2191E-9,-0.0643319999999989
157.5,321.15086,4.1958E-9,-0.063336000000001
158,321.12034,4.1513E-9,-0.0631159999999994
158.5,321.08927,4.1283E-9,-0.0634479999999996
159,321.05738,4.085E-9,-0.0635560000000027
159.5,321.02247,4.0635E-9,-0.0614640000000009
160,320.99252,4.0203E-9,-0.0619120000000009
160.5,320.96255,3.9802E-9,-0.0624520000000018
161,320.93065,3.9589E-9,-0.0624520000000018
161.5,320.89849,3.919E-9,-0.0617959999999982
162,320.86881,3.8994E-9,-0.0622359999999986
162.5,320.83774,3.8597E-9,-0.0621279999999984
163,320.80642,3.8413E-9,-0.0613639999999975
163.5,320.77452,3.8036E-9,-0.0611439999999988
164,320.744,3.7664E-9,-0.0605800000000016
164.5,320.71322,3.7491E-9,-0.0612480000000005
165,320.68242,3.7121E-9,-0.0621200000000016
165.5,320.65301,3.6941E-9,-0.0620160000000027
166,320.62166,3.6598E-9,-0.0614640000000009
166.5,320.59255,3.6436E-9,-0.0621319999999997
167,320.5601,3.6087E-9,-0.0615759999999995
167.5,320.52712,3.5747E-9,-0.0605919999999998
168,320.49797,3.564E-9,-0.061463999999998
168.5,320.468,3.5296E-9,-0.0625679999999988
169,320.43722,3.5126E-9,-0.0626800000000003
169.5,320.40616,3.4822E-9,-0.0623480000000001
170,320.37564,3.4651E-9,-0.0619039999999984
170.5,320.34431,3.4334E-9,-0.0612480000000005
171,320.31158,3.403E-9,-0.060911999999999
171.5,320.28052,3.3883E-9,-0.0602479999999986
172,320.25029,3.36E-9,-0.0604800000000012
172.5,320.22088,3.3446E-9,-0.060924
173,320.19119,3.3152E-9,-0.0602560000000011
173.5,320.1593,3.3014E-9,-0.0589400000000012
174,320.1299,3.272E-9,-0.0593880000000013
174.5,320.09909,3.2446E-9,-0.0589399999999983
175,320.06857,3.2312E-9,-0.0584920000000011
175.5,320.04055,3.2041E-9,-0.0585039999999992
176,320.01195,3.1913E-9,-0.05916
176.5,319.98143,3.1634E-9,-0.0590440000000001
177,319.95174,3.1505E-9,-0.0589280000000002
177.5,319.92234,3.125E-9,-0.0601480000000009
178,319.89429,3.113E-9,-0.0602519999999998
178.5,319.86405,3.0886E-9,-0.0594799999999992
179,319.83382,3.076E-9,-0.0598119999999994
179.5,319.80442,3.0501E-9,-0.0599279999999993
180,319.77197,3.0268E-9,-0.0587199999999996
180.5,319.74366,3.0146E-9,-0.0593760000000003
181,319.71535,2.9898E-9,-0.0602599999999995
181.5,319.68429,2.9792E-9,-0.0594920000000002
182,319.6546,2.9555E-9,-0.0591600000000028
182.5,319.62517,2.9437E-9,-0.0592639999999989
183,319.59522,2.9211E-9,-0.05916
183.5,319.5647,2.8977E-9,-0.0585040000000021
184,319.53556,2.888E-9,-0.0589399999999983
184.5,319.5067,2.8651E-9,-0.0592719999999986
185,319.47701,2.8542E-9,-0.0590519999999998
185.5,319.44732,2.8329E-9,-0.0585039999999992
186,319.41844,2.8225E-9,-0.0587119999999999
186.5,319.38821,2.8001E-9,-0.0584959999999995
187,319.35852,2.7793E-9,-0.0574039999999997
187.5,319.32938,2.7688E-9,-0.0576240000000013
188,319.30106,2.7489E-9,-0.0583879999999994
188.5,319.27166,2.7389E-9,-0.0586079999999981
189,319.24197,2.7197E-9,-0.0577320000000014
189.5,319.21501,2.7091E-9,-0.058608000000001
190,319.18532,2.6889E-9,-0.0581600000000009
190.5,319.15509,2.6797E-9,-0.0575080000000014
191,319.12514,2.6608E-9,-0.057068000000001
191.5,319.09764,2.641E-9,-0.0582760000000008
192,319.06849,2.6325E-9,-0.0582719999999995
192.5,319.03992,2.6139E-9,-0.058171999999999
193,319.01132,2.6043E-9,-0.0578360000000004
193.5,318.98247,2.5863E-9,-0.0577359999999999
194,318.95195,2.5778E-9,-0.0574039999999997
194.5,318.92281,2.5607E-9,-0.0563040000000001
195,318.89449,2.5417E-9,-0.0559679999999986
195.5,318.86673,2.5322E-9,-0.0559679999999986
196,318.83813,2.5153E-9,-0.0568399999999997
196.5,318.80844,2.5082E-9,-0.0560720000000003
197,318.78205,2.4895E-9,-0.0566239999999993
197.5,318.75457,2.4829E-9,-0.0574039999999997
198,318.72681,2.4657E-9,-0.0572920000000011
198.5,318.69603,2.4571E-9,-0.0566360000000003
199,318.66826,2.4409E-9,-0.0565200000000004
199.5,318.64049,2.4239E-9,-0.0561840000000018
200,318.61106,2.4166E-9,-0.0562880000000007
200.5,318.58358,2.4001E-9,-0.0567360000000008
201,318.55444,2.392E-9,-0.0563000000000017
201.5,318.52696,2.3769E-9,-0.0561879999999974
202,318.50003,2.3682E-9,-0.0565199999999976
202.5,318.47034,2.3533E-9,-0.055316000000002
203,318.44174,2.3386E-9,-0.0547640000000001
203.5,318.41369,2.3318E-9,-0.0553039999999982
204,318.38649,2.3151E-9,-0.05608
204.5,318.35873,2.3087E-9,-0.0559680000000014
205,318.33205,2.2937E-9,-0.0561879999999974
205.5,318.30483,2.2864E-9,-0.0564039999999977
206,318.27543,2.2719E-9,-0.0558639999999997
206.5,318.24629,2.2649E-9,-0.0544320000000027
207,318.21881,2.2503E-9,-0.0540999999999997
207.5,318.19158,2.2374E-9,-0.054316
208,318.16382,2.2296E-9,-0.054316
208.5,318.13577,2.2168E-9,-0.0548680000000019
209,318.11021,2.2094E-9,-0.0555319999999995
209.5,318.08356,2.1954E-9,-0.0554280000000006
210,318.05579,2.1893E-9,-0.0553120000000007
210.5,318.02803,2.1763E-9,-0.055316000000002
211,317.9986,2.1686E-9,-0.0542039999999986
211.5,317.97138,2.1557E-9,-0.0535479999999978
212,317.94499,2.1435E-9,-0.0533320000000003
212.5,317.91751,2.1368E-9,-0.0533320000000003
213,317.88974,2.1234E-9,-0.053431999999998
213.5,317.86309,2.1176E-9,-0.0537759999999992
214,317.83751,2.1061E-9,-0.0545360000000017
214.5,317.81166,2.0994E-9,-0.0554159999999996
215,317.78418,2.0869E-9,-0.0547640000000001
215.5,317.75616,2.0801E-9,-0.0545479999999998
216,317.72865,2.0673E-9,-0.0541000000000025
216.5,317.70117,2.0556E-9,-0.0534439999999989
217,317.67312,2.0497E-9,-0.0531119999999987
217.5,317.64727,2.0386E-9,-0.0527800000000013
218,317.61979,2.0321E-9,-0.0531120000000016
218.5,317.5934,2.0202E-9,-0.0536599999999993
219,317.56756,2.0148E-9,-0.0534360000000021
219.5,317.54034,2.0036E-9,-0.0532160000000005
220,317.51532,1.9982E-9,-0.0539839999999998
220.5,317.48701,1.9864E-9,-0.0529959999999988
221,317.45925,1.9806E-9,-0.0527799999999985
221.5,317.43397,1.9696E-9,-0.0531119999999987
222,317.4073,1.9629E-9,-0.0539839999999998
222.5,317.38036,1.9531E-9,-0.0535479999999978
223,317.35452,1.942E-9,-0.0534440000000018
223.5,317.3273,1.9367E-9,-0.0529960000000017
224,317.30119,1.9256E-9,-0.0534439999999989
224.5,317.27234,1.9205E-9,-0.0522400000000005
225,317.24649,1.9096E-9,-0.0519040000000018
225.5,317.22091,1.8996E-9,-0.0532160000000005
226,317.19481,1.8945E-9,-0.0535480000000007
226.5,317.16758,1.8884E-9,-0.0529960000000017
227,317.14174,1.879E-9,-0.0539839999999998
227.5,317.11673,1.8725E-9,-0.0531119999999987
228,317.08787,1.8641E-9,-0.0518959999999993
228.5,317.06094,1.8537E-9,-0.0514599999999973
229,317.03509,1.8481E-9,-0.0512399999999985
229.5,317.00678,1.8253E-9,-0.0499240000000015
230,316.98395,1.8298E-9,-0.0514600000000002
230.5,316.95813,1.8243E-9,-0.0521240000000006
231,316.93229,1.816E-9,-0.0517920000000004
231.5,316.90699,1.8105E-9,-0.0511279999999999
232,316.88197,1.8041E-9,-0.0517919999999975
232.5,316.8553,1.7948E-9,-0.0514600000000002
233,316.82782,1.7929E-9,-0.0510239999999982
233.5,316.80281,1.7771E-9,-0.051024000000001
234,316.77917,1.7762E-9,-0.0511400000000009
234.5,316.75249,1.7617E-9,-0.0513440000000003
235,316.72665,1.7606E-9,-0.0513440000000003
235.5,316.70026,1.747E-9,-0.0512400000000014
236,316.67525,1.7464E-9,-0.0512439999999998
236.5,316.65132,1.7387E-9,-0.0515600000000006
237,316.62413,1.732E-9,-0.050472000000002
237.5,316.59829,1.7227E-9,-0.050139999999999
238,316.57216,1.7127E-9,-0.0494759999999985
238.5,316.54714,1.7116E-9,-0.0498079999999987
239,316.52242,1.7005E-9,-0.050691999999998
239.5,316.49795,1.6994E-9,-0.0510239999999982
240,316.47294,1.6902E-9,-0.0508080000000007
240.5,316.44847,1.683E-9,-0.051024000000001
241,316.42262,1.674E-9,-0.0509080000000012
241.5,316.39569,1.6731E-9,-0.0494880000000023
242,316.37039,1.6652E-9,-0.0494840000000011
242.5,316.34592,1.6568E-9,-0.0493719999999996
243,316.32091,1.6503E-9,-0.049588
243.5,316.29535,1.644E-9,-0.0494840000000011
244,316.27197,1.6372E-9,-0.0514600000000002
244.5,316.24668,1.6289E-9,-0.0514600000000002
245,316.22249,1.6278E-9,-0.0512400000000014
245.5,316.19694,1.6201E-9,-0.0513559999999984
246,316.17164,1.6143E-9,-0.0516799999999989
246.5,316.14332,1.6066E-9,-0.050139999999999
247,316.11803,1.5988E-9,-0.0495919999999984
247.5,316.09439,1.5978E-9,-0.0502559999999988
248,316.06855,1.5895E-9,-0.0494760000000014
248.5,316.04244,1.5815E-9,-0.0488200000000006
249,316.01797,1.5748E-9,-0.0484960000000001
249.5,315.99405,1.5679E-9,-0.0493720000000025
250,315.96875,1.5669E-9,-0.0492559999999997
250.5,315.94486,1.5595E-9,-0.0491559999999993
251,315.92039,1.5526E-9,-0.0489360000000005
251.5,315.89673,1.5449E-9,-0.0491440000000011
252,315.87062,1.5441E-9,-0.048599999999999
252.5,315.84561,1.5371E-9,-0.0479479999999995
253,315.82197,1.529E-9,-0.0486000000000018
253.5,315.79805,1.5239E-9,-0.0489360000000005
254,315.77387,1.5149E-9,-0.0492679999999979
254.5,315.74912,1.5145E-9,-0.048823999999999
255,315.72574,1.5077E-9,-0.048708000000002
255.5,315.70047,1.5021E-9,-0.0487159999999989
256,315.67571,1.495E-9,-0.0479359999999986
256.5,315.6507,1.4871E-9,-0.0482680000000016
257,315.62706,1.4864E-9,-0.0483840000000015
257.5,315.60397,1.4803E-9,-0.0493679999999983
258,315.57868,1.4749E-9,-0.0486040000000003
258.5,315.55587,1.4679E-9,-0.0489360000000005
259,315.53003,1.4668E-9,-0.0486040000000003
259.5,315.5061,1.4599E-9,-0.0478319999999997
260,315.48055,1.4585E-9,-0.0478360000000009
260.5,315.45717,1.4503E-9,-0.047824
261,315.43353,1.444E-9,-0.0481560000000002
261.5,315.40852,1.4385E-9,-0.0472839999999991
262,315.38652,1.4319E-9,-0.048375999999999
262.5,315.36096,1.4314E-9,-0.0472839999999991
263,315.33761,1.4252E-9,-0.0477280000000007
263.5,315.31314,1.4189E-9,-0.0472800000000007
264,315.29031,1.4127E-9,-0.0479359999999986
264.5,315.26558,1.4064E-9,-0.0473960000000005
265,315.24275,1.4057E-9,-0.0479360000000014
265.5,315.21829,1.3996E-9,-0.0475039999999979
266,315.19494,1.3944E-9,-0.0477319999999992
266.5,315.17047,1.3885E-9,-0.0470640000000003
267,315.14709,1.3819E-9,-0.046296000000001
267.5,315.12291,1.3812E-9,-0.0463999999999999
268,315.09953,1.3748E-9,-0.046296000000001
268.5,315.07561,1.3697E-9,-0.0466199999999986
269,315.05281,1.3676E-9,-0.0469520000000017
269.5,315.03135,1.3616E-9,-0.0474999999999994
270,315.00691,1.3548E-9,-0.0466279999999983
270.5,314.98379,1.3543E-9,-0.046835999999999
271,314.95906,1.348E-9,-0.0461800000000011
271.5,314.93543,1.342E-9,-0.0463999999999999
272,314.9126,1.3408E-9,-0.0466199999999986
272.5,314.89034,1.334E-9,-0.0472840000000019
273,314.8667,1.3327E-9,-0.0467320000000001
273.5,314.84361,1.3255E-9,-0.046296000000001
274,314.81943,1.3241E-9,-0.0455279999999988
274.5,314.79605,1.3164E-9,-0.0459640000000007
275,314.77213,1.3098E-9,-0.0455160000000006
275.5,314.74987,1.309E-9,-0.0459640000000007
276,314.72787,1.3031E-9,-0.0461799999999982
276.5,314.70561,1.2979E-9,-0.0461800000000011
277,314.68114,1.2964E-9,-0.045295999999999
277.5,314.65834,1.2905E-9,-0.0451959999999986
278,314.63496,1.2886E-9,-0.0449759999999998
278.5,314.61242,1.2817E-9,-0.0454160000000002
279,314.59016,1.2804E-9,-0.0454160000000002
279.5,314.5679,1.2737E-9,-0.0455280000000016
280,314.54535,1.2724E-9,-0.0457439999999991
280.5,314.52252,1.2657E-9,-0.0459640000000007
281,314.49888,1.2644E-9,-0.0448599999999999
281.5,314.47662,1.2579E-9,-0.0449759999999998
282,314.45408,1.251E-9,-0.0451959999999986
282.5,314.43099,1.2507E-9,-0.0455280000000016
283,314.40761,1.2429E-9,-0.0451840000000004
283.5,314.38673,1.2425E-9,-0.0454160000000002
284,314.36418,1.2399E-9,-0.0451959999999986
284.5,314.34109,1.233E-9,-0.0448599999999999
285,314.31717,1.2274E-9,-0.0440920000000006
285.5,314.29465,1.2261E-9,-0.0444279999999992
286,314.27319,1.2248E-9,-0.0436560000000014
286.5,314.25119,1.2178E-9,-0.0435400000000016
287,314.22894,1.2166E-9,-0.0433280000000025
287.5,314.20694,1.211E-9,-0.0432119999999998
288,314.18358,1.2097E-9,-0.0427719999999994
288.5,314.16405,1.2043E-9,-0.0440919999999977
289,314.14234,1.1958E-9,-0.0437600000000003
289.5,314.12062,1.1956E-9,-0.0437599999999975
290,314.09891,1.1947E-9,-0.0443119999999993
290.5,314.07665,1.1888E-9,-0.0437600000000003
291,314.05382,1.1823E-9,-0.0434280000000001
291.5,314.03294,1.1817E-9,-0.0439799999999991
292,314.01122,1.1752E-9,-0.0440920000000006
292.5,313.98813,1.1745E-9,-0.0437600000000003
293,313.96725,1.1682E-9,-0.0446439999999996
293.5,313.94525,1.1678E-9,-0.0436599999999999
294,313.92299,1.1611E-9,-0.0434400000000011
294.5,313.90099,1.1606E-9,-0.0437640000000016
295,313.87873,1.158E-9,-0.0428879999999992
295.5,313.85564,1.1516E-9,-0.0433279999999996
296,313.8361,1.1504E-9,-0.0437600000000003
296.5,313.81439,1.1448E-9,-0.0438760000000002
297,313.79158,1.1437E-9,-0.0428879999999992
297.5,313.77151,1.1371E-9,-0.043544
298,313.74732,1.1365E-9,-0.0425520000000006
298.5,313.7267,1.1302E-9,-0.042440000000002
299,313.7047,1.1286E-9,-0.042555999999999
299.5,313.68436,1.1235E-9,-0.042992000000001
300,313.66265,1.122E-9,-0.0433240000000012
300.5,313.64094,1.1169E-9,-0.0431080000000009
301,313.6206,1.1156E-9,-0.043107999999998
301.5,313.59831,1.1142E-9,-0.0425440000000009
302,313.57688,1.1084E-9,-0.0429919999999981
302.5,313.55434,1.1023E-9,-0.0423399999999987
303,313.53317,1.1021E-9,-0.0424440000000004
303.5,313.51283,1.0962E-9,-0.0427720000000022
304,313.49195,1.0959E-9,-0.0426719999999989
304.5,313.4694,1.0935E-9,-0.0417840000000012
305,313.44849,1.0879E-9,-0.042004
305.5,313.42706,1.0865E-9,-0.0421159999999986
306,313.4059,1.0835E-9,-0.0422239999999988
306.5,313.38527,1.0784E-9,-0.042555999999999
307,313.36494,1.0767E-9,-0.043107999999998
307.5,313.34348,1.0717E-9,-0.0424399999999991
308,313.32177,1.0707E-9,-0.0418920000000014
308.5,313.30034,1.0694E-9,-0.0416719999999998
309,313.27888,1.0626E-9,-0.0411200000000008
309.5,313.25717,1.0617E-9,-0.0413400000000024
310,313.23738,1.0566E-9,-0.0417880000000025
310.5,313.21704,1.055E-9,-0.0413399999999996
311,313.19616,1.0536E-9,-0.0420080000000013
311.5,313.17608,1.0479E-9,-0.0416719999999998
312,313.15382,1.0468E-9,-0.0410200000000003
312.5,313.13291,1.0409E-9,-0.0410079999999994
313,313.11369,1.04E-9,-0.0412360000000007
313.5,313.09114,1.035E-9,-0.0403639999999996
314,313.0719,1.0338E-9,-0.0408119999999997
314.5,313.05127,1.0328E-9,-0.0403639999999996
315,313.03039,1.0264E-9,-0.0406959999999998
315.5,313.0106,1.026E-9,-0.0406959999999998
316,312.99023,1.0238E-9,-0.0407999999999987
316.5,312.96987,1.0223E-9,-0.0405720000000002
317,312.95036,1.0167E-9,-0.0409040000000005
317.5,312.92865,1.0159E-9,-0.0402479999999997
318,312.90886,1.0134E-9,-0.0406880000000001
318.5,312.88823,1.0073E-9,-0.0406840000000017
319,312.86844,1.0066E-9,-0.0409040000000005
319.5,312.8481,1.0041E-9,-0.0412359999999978
320,312.82803,1.0026E-9,-0.0422239999999988
320.5,312.80714,9.966E-10,-0.0422239999999988
321,312.78652,9.956E-10,-0.0415599999999984
321.5,312.76618,9.93E-10,-0.041452000000001
322,312.74501,9.876E-10,-0.0409040000000005
322.5,312.72247,9.868E-10,-0.0404680000000013
323,312.70158,9.843E-10,-0.0400280000000009
323.5,312.68262,9.777E-10,-0.0409040000000005
324,312.66255,9.772E-10,-0.0407999999999987
324.5,312.64275,9.754E-10,-0.0404680000000013
325,312.6213,9.739E-10,-0.0399079999999998
325.5,312.60151,9.679E-10,-0.0398040000000009
326,312.58036,9.673E-10,-0.0393640000000005
326.5,312.56055,9.625E-10,-0.0390360000000015
327,312.54158,9.611E-10,-0.0390320000000003
327.5,312.52153,9.598E-10,-0.0391480000000001
328,312.502,9.571E-10,-0.0396879999999982
328.5,312.48195,9.556E-10,-0.0390439999999984
329,312.46296,9.485E-10,-0.039803999999998
329.5,312.444,9.483E-10,-0.039803999999998
330,312.42366,9.467E-10,-0.0388159999999999
330.5,312.40278,9.457E-10,-0.0388159999999999
331,312.38434,9.347E-10,-0.0393560000000008
331.5,312.36345,9.326E-10,-0.0391480000000001
332,312.34449,9.317E-10,-0.038712000000001
332.5,312.32662,9.255E-10,-0.0397999999999996
333,312.30574,9.244E-10,-0.0393680000000018
333.5,312.28595,9.512E-10,-0.0388159999999999
334,312.26558,1.08E-9,-0.0385840000000002
334.5,312.24771,1.0799E-9,-0.0391359999999992
335,312.22712,1.0095E-9,-0.0388159999999999
335.5,312.20732,1.0525E-9,-0.0382639999999981
336,312.18891,1.027E-9,-0.039264
336.5,312.16912,1.0076E-9,-0.039264
337,312.14987,9.942E-10,-0.038712000000001
337.5,312.13008,9.855E-10,-0.0381599999999992
338,312.11166,1.0636E-9,-0.038712000000001
338.5,312.09075,1.0998E-9,-0.0385960000000011
339,312.07096,1.053E-9,-0.0380480000000006
339.5,312.05309,1.0017E-9,-0.0384839999999997
340,312.03468,9.777E-10,-0.0381520000000023
340.5,312.01488,9.996E-10,-0.0377119999999991
341,311.99426,1.0407E-9,-0.0376000000000005
341.5,311.97584,1.0488E-9,-0.038148000000001
342,311.95688,9.531E-10,-0.038148000000001
342.5,311.9393,9.415E-10,-0.0388159999999999
343,311.9206,1.037E-9,-0.0390360000000015
343.5,311.90026,1.0564E-9,-0.0372799999999984
344,311.88047,9.636E-10,-0.0379439999999988
344.5,311.86151,8.757E-10,-0.0379439999999988
345,311.84226,8.746E-10,-0.0376119999999986
345.5,311.82301,8.571E-10,-0.0370599999999996
346,311.80706,8.694E-10,-0.0387
346.5,311.78561,8.681E-10,-0.0377160000000003
347,311.76665,8.671E-10,-0.0374959999999987
347.5,311.74823,8.606E-10,-0.0382640000000009
348,311.73036,8.601E-10,-0.0376000000000005
348.5,311.71031,8.59E-10,-0.0371720000000011
349,311.69132,8.521E-10,-0.0369439999999997
349.5,311.67291,8.524E-10,-0.0369440000000026
350,311.65257,8.511E-10,-0.0356239999999985
350.5,311.63636,8.502E-10,-0.0366199999999992
351,311.61738,8.477E-10,-0.0371639999999985
351.5,311.59896,8.466E-10,-0.0366119999999995
352,311.58055,8.44E-10,-0.0361799999999988
352.5,311.56351,8.427E-10,-0.0371640000000013
353,311.54481,8.362E-10,-0.0365000000000009
353.5,311.52447,8.36E-10,-0.0357400000000013
354,311.50743,8.347E-10,-0.0358440000000002
354.5,311.4901,8.328E-10,-0.0362799999999993
355,311.4706,8.316E-10,-0.0358559999999983
355.5,311.45356,8.291E-10,-0.0365079999999978
356,311.43512,8.278E-10,-0.0363959999999992
356.5,311.41782,8.25E-10,-0.0368439999999993
357,311.3994,8.237E-10,-0.0366240000000005
357.5,311.38096,8.212E-10,-0.0361640000000023
358,311.36229,8.2E-10,-0.0357400000000013
358.5,311.34413,8.174E-10,-0.0355119999999999
359,311.32571,8.149E-10,-0.0355080000000015
359.5,311.30784,8.135E-10,-0.0357280000000003
360,311.29055,8.106E-10,-0.0357439999999997
360.5,311.27294,8.094E-10,-0.0361799999999988
361,311.25535,8.072E-10,-0.0361760000000004
361.5,311.23694,8.06E-10,-0.03596
362,311.21852,8.035E-10,-0.035408000000001
362.5,311.20119,8.024E-10,-0.0361760000000004
363,311.18249,7.972E-10,-0.0352920000000012
363.5,311.16491,7.961E-10,-0.0356279999999998
364,311.14704,7.951E-10,-0.0347520000000003
364.5,311.13,7.93E-10,-0.0354079999999982
365,311.11075,7.92E-10,-0.0349719999999991
365.5,311.09426,7.898E-10,-0.0357400000000013
366,311.07584,7.884E-10,-0.0348559999999992
366.5,311.06016,7.858E-10,-0.0357319999999987
367,311.04148,7.846E-10,-0.0356240000000014
367.5,311.02332,7.819E-10,-0.0349600000000009
368,311.00491,7.808E-10,-0.034523999999999
368.5,310.9887,7.783E-10,-0.0353040000000021
369,310.97083,7.758E-10,-0.0351879999999994
369.5,310.95242,7.748E-10,-0.0346399999999989
370,310.93592,7.724E-10,-0.0355199999999996
370.5,310.9186,7.717E-10,-0.035408000000001
371,310.90044,7.662E-10,-0.034523999999999
371.5,310.88286,7.653E-10,-0.0347440000000006
372,310.86582,7.584E-10,-0.0347440000000006
372.5,310.84712,7.594E-10,-0.0339759999999984
373,310.83008,7.599E-10,-0.0339759999999984
373.5,310.81413,7.588E-10,-0.0348559999999992
374,310.796,7.579E-10,-0.0347520000000003
374.5,310.77896,7.559E-10,-0.0349719999999991
375,310.76218,7.549E-10,-0.0350760000000008
375.5,310.74514,7.526E-10,-0.0350760000000008
376,310.72699,7.511E-10,-0.0344120000000004
376.5,310.70912,7.491E-10,-0.0343079999999986
377,310.69153,7.469E-10,-0.0343040000000002
377.5,310.67449,7.456E-10,-0.0340879999999999
378,310.65745,7.393E-10,-0.0346360000000004
378.5,310.64096,7.393E-10,-0.0346400000000017
379,310.62335,7.386E-10,-0.0340880000000027
379.5,310.60577,7.379E-10,-0.0343080000000015
380,310.58927,7.36E-10,-0.0336520000000007
380.5,310.57086,7.343E-10,-0.0334360000000004
381,310.55436,7.33E-10,-0.0333199999999977
381.5,310.53813,7.308E-10,-0.0338599999999985
382,310.52,7.298E-10,-0.0332039999999978
382.5,310.50514,7.278E-10,-0.0344079999999991
383,310.48727,7.266E-10,-0.0340879999999999
383.5,310.47106,7.244E-10,-0.033972
384,310.45348,7.234E-10,-0.0336520000000007
384.5,310.43699,7.213E-10,-0.0337680000000006
385,310.41912,7.205E-10,-0.0331040000000002
385.5,310.40205,7.18E-10,-0.0329879999999974
386,310.38613,7.158E-10,-0.0333200000000005
386.5,310.36935,7.153E-10,-0.0329880000000003
387,310.35257,7.13E-10,-0.0333079999999995
387.5,310.33636,7.118E-10,-0.0336520000000007
388,310.31958,7.095E-10,-0.0337560000000025
388.5,310.30283,7.083E-10,-0.0332040000000006
389,310.28688,7.063E-10,-0.0336519999999979
389.5,310.2693,7.054E-10,-0.0329880000000003
390,310.25223,7.042E-10,-0.0323199999999986
390.5,310.23519,7.02E-10,-0.0324359999999984
391,310.21982,7.011E-10,-0.0331040000000002
391.5,310.20275,6.991E-10,-0.0327680000000015
392,310.18683,6.979E-10,-0.0328840000000014
392.5,310.17143,6.956E-10,-0.0328840000000014
393,310.1541,6.945E-10,-0.0326520000000016
393.5,310.13706,6.926E-10,-0.0326519999999988
394,310.12083,6.901E-10,-0.0324359999999984
394.5,310.10462,6.89E-10,-0.032983999999999
395,310.08922,6.87E-10,-0.0337559999999996
395.5,310.07247,6.861E-10,-0.0336519999999979
396,310.05543,6.841E-10,-0.0338720000000023
396.5,310.03974,6.832E-10,-0.0340880000000027
397,310.02216,6.812E-10,-0.0335399999999993
397.5,310.00483,6.794E-10,-0.0327679999999987
398,309.98834,6.786E-10,-0.033092000000002
398.5,309.97075,6.766E-10,-0.0328800000000001
399,309.95452,6.756E-10,-0.0321039999999982
399.5,309.93831,6.732E-10,-0.0316680000000019
400,309.92291,6.715E-10,-0.0324360000000013
400.5,309.90561,6.707E-10,-0.0315640000000002
401,309.88855,6.684E-10,-0.0312239999999974
401.5,309.87426,6.673E-10,-0.0321040000000011
402,309.85914,6.657E-10,-0.0325479999999999
402.5,309.84182,6.647E-10,-0.0319999999999993
403,309.8267,6.626E-10,-0.0324359999999984
403.5,309.81049,6.617E-10,-0.0323320000000024
404,309.794,6.599E-10,-0.0319999999999993
404.5,309.77777,6.578E-10,-0.0324359999999984
405,309.76182,6.574E-10,-0.0319919999999996
405.5,309.74561,6.51E-10,-0.0318839999999994
406,309.72966,6.515E-10,-0.0317799999999977
406.5,309.714,6.514E-10,-0.0319999999999993
407,309.69668,6.508E-10,-0.0314520000000016
407.5,309.68184,6.503E-10,-0.0316640000000007
408,309.6659,6.477E-10,-0.0316680000000019
408.5,309.65021,6.466E-10,-0.0314400000000006
409,309.634,6.447E-10,-0.0317800000000005
409.5,309.61805,6.438E-10,-0.031232
410,309.60268,6.424E-10,-0.0310159999999996
410.5,309.58673,6.415E-10,-0.0306799999999981
411,309.57161,6.397E-10,-0.0310120000000012
411.5,309.55455,6.378E-10,-0.0302359999999993
412,309.53997,6.369E-10,-0.0304519999999997
412.5,309.52514,6.35E-10,-0.030680000000001
413,309.51003,6.341E-10,-0.0311200000000014
413.5,309.49408,6.326E-10,-0.0308999999999998
414,309.47896,6.316E-10,-0.031232
414.5,309.46384,6.298E-10,-0.0313320000000005
415,309.44844,6.29E-10,-0.031232
415.5,309.43223,6.273E-10,-0.0306799999999981
416,309.41683,6.253E-10,-0.031232
416.5,309.40088,6.243E-10,-0.0311160000000001
417,309.38551,6.225E-10,-0.030795999999998
417.5,309.37036,6.217E-10,-0.0307839999999999
418,309.35553,6.202E-10,-0.0308960000000013
418.5,309.33875,6.192E-10,-0.0302320000000009
419,309.32309,6.175E-10,-0.0297960000000018
419.5,309.30852,6.158E-10,-0.0300160000000005
420,309.2934,6.15E-10,-0.0301279999999991
420.5,309.27829,6.136E-10,-0.030243999999999
421,309.26317,6.128E-10,-0.030243999999999
421.5,309.2486,6.11E-10,-0.0304639999999978
422,309.23348,6.101E-10,-0.0304640000000006
422.5,309.21808,6.085E-10,-0.0303480000000008
423,309.20268,6.077E-10,-0.0302360000000022
423.5,309.18756,6.063E-10,-0.0305679999999995
424,309.17244,6.049E-10,-0.0310000000000002
424.5,309.15732,6.046E-10,-0.0308960000000013
425,309.14221,6.026E-10,-0.0303480000000008
425.5,309.12709,6.035E-10,-0.0300159999999977
426,309.11114,5.969E-10,-0.0300160000000005
426.5,309.09494,5.98E-10,-0.0294759999999997
427,309.08008,5.991E-10,-0.0292479999999983
427.5,309.06634,5.973E-10,-0.0301320000000004
428,309.05205,5.96E-10,-0.0303480000000008
428.5,309.0361,5.94E-10,-0.029692
429,309.02125,5.93E-10,-0.0301320000000004
429.5,309.00696,5.91E-10,-0.0297959999999989
430,308.99101,5.902E-10,-0.0297959999999989
430.5,308.97618,5.884E-10,-0.0295800000000014
431,308.96187,5.867E-10,-0.0303480000000008
431.5,308.94592,5.865E-10,-0.0296840000000003
432,308.93247,5.861E-10,-0.0296960000000013
432.5,308.91652,5.852E-10,-0.0295799999999986
433,308.90223,5.836E-10,-0.0294719999999984
433.5,308.886,5.765E-10,-0.0291319999999985
434,308.87171,5.768E-10,-0.0290279999999996
434.5,308.85823,5.766E-10,-0.0285799999999995
435,308.84257,5.768E-10,-0.0281440000000003
435.5,308.82855,5.755E-10,-0.0288119999999992
436,308.81317,5.749E-10,-0.0277080000000012
436.5,308.79914,5.735E-10,-0.0284760000000006
437,308.78678,5.727E-10,-0.0292560000000009
437.5,308.77221,5.715E-10,-0.0293599999999998
438,308.75652,5.709E-10,-0.028916000000001
438.5,308.7439,5.694E-10,-0.0289279999999991
439,308.72795,5.686E-10,-0.0288119999999992
439.5,308.71364,5.669E-10,-0.028916000000001
440,308.69881,5.655E-10,-0.0288120000000021
440.5,308.68423,5.646E-10,-0.0285920000000004
441,308.67158,5.631E-10,-0.029692
441.5,308.65592,5.623E-10,-0.0284760000000006
442,308.64135,5.611E-10,-0.0285919999999976
442.5,308.62678,5.603E-10,-0.0289239999999978
443,308.61275,5.587E-10,-0.0284760000000006
443.5,308.59735,5.573E-10,-0.0283639999999991
444,308.58473,5.567E-10,-0.0292600000000022
444.5,308.56987,5.553E-10,-0.0288120000000021
445,308.55447,5.547E-10,-0.0281480000000016
445.5,308.54156,5.533E-10,-0.028479999999999
446,308.52644,5.526E-10,-0.0283720000000017
446.5,308.51158,5.512E-10,-0.0281439999999975
447,308.49784,5.498E-10,-0.0289119999999997
447.5,308.4841,5.49E-10,-0.0285920000000004
448,308.47036,5.477E-10,-0.0286959999999993
448.5,308.45551,5.469E-10,-0.0280319999999989
449,308.44122,5.453E-10,-0.0282600000000002
449.5,308.42556,5.446E-10,-0.0277079999999984
450,308.41262,5.432E-10,-0.0277079999999984
450.5,308.39862,5.42E-10,-0.0282600000000002
451,308.38543,5.413E-10,-0.0287080000000003
451.5,308.37057,5.4E-10,-0.0284760000000006
452,308.35629,5.393E-10,-0.027940000000001
452.5,308.34335,5.379E-10,-0.0277080000000012
453,308.32797,5.372E-10,-0.0274879999999996
453.5,308.31366,5.359E-10,-0.0271559999999994
454,308.29938,5.344E-10,-0.0270559999999989
454.5,308.28644,5.338E-10,-0.0274799999999999
455,308.27408,5.323E-10,-0.0277079999999984
455.5,308.25925,5.317E-10,-0.0277120000000025
456,308.24577,5.303E-10,-0.0275959999999998
456.5,308.23174,5.297E-10,-0.0280320000000017
457,308.21774,5.282E-10,-0.0277080000000012
457.5,308.20481,5.278E-10,-0.027928
458,308.18997,5.264E-10,-0.0270519999999976
458.5,308.17678,5.254E-10,-0.0271600000000006
459,308.16166,5.247E-10,-0.0270520000000005
459.5,308.14847,5.232E-10,-0.0267239999999987
460,308.13499,5.226E-10,-0.0269400000000019
460.5,308.12234,5.214E-10,-0.0278240000000011
461,308.10888,5.207E-10,-0.0276039999999995
461.5,308.09403,5.198E-10,-0.026939999999999
462,308.08166,5.187E-10,-0.0270520000000005
462.5,308.06764,5.238E-10,-0.0271600000000006
463,308.05278,5.189E-10,-0.0267120000000006
463.5,308.03987,5.103E-10,-0.0270560000000017
464,308.02668,5.041E-10,-0.0271600000000006
464.5,308.01403,5.11E-10,-0.026939999999999
465,307.99974,5.109E-10,-0.0268360000000001
465.5,307.986,5.109E-10,-0.0265039999999999
466,307.97223,5.099E-10,-0.0261599999999987
466.5,307.95878,5.089E-10,-0.0259520000000009
467,307.94668,5.085E-10,-0.0269440000000003
467.5,307.93265,5.072E-10,-0.0264919999999989
468,307.91974,5.064E-10,-0.0268239999999992
468.5,307.90683,5.051E-10,-0.0266160000000014
469,307.8939,5.044E-10,-0.0267239999999987
469.5,307.87932,5.03E-10,-0.025836000000001
470,307.86642,5.025E-10,-0.0262879999999996
470.5,307.85268,5.015E-10,-0.0260680000000008
471,307.84029,5.005E-10,-0.0261719999999997
471.5,307.82709,4.998E-10,-0.0274920000000009
472,307.81473,4.984E-10,-0.0270440000000008
472.5,307.8007,4.98E-10,-0.0260559999999998
473,307.78751,4.969E-10,-0.0267120000000006
473.5,307.77486,4.963E-10,-0.0268280000000004
474,307.75836,4.949E-10,-0.0256079999999997
474.5,307.74712,4.938E-10,-0.0261719999999997
475,307.73556,4.932E-10,-0.0267240000000015
475.5,307.72073,4.921E-10,-0.0260679999999979
476,307.70779,4.918E-10,-0.0258399999999995
476.5,307.69434,4.907E-10,-0.0255159999999989
477,307.68169,4.901E-10,-0.0260679999999979
477.5,307.66875,4.887E-10,-0.0258359999999982
478,307.65556,4.875E-10,-0.0258400000000023
478.5,307.64319,4.869E-10,-0.0262720000000002
479,307.63055,4.858E-10,-0.0265039999999999
479.5,307.61652,4.852E-10,-0.0258400000000023
480,307.60416,4.839E-10,-0.0258399999999995
480.5,307.59096,4.833E-10,-0.0255079999999992
481,307.57751,4.819E-10,-0.0249679999999984
481.5,307.56429,4.807E-10,-0.0250720000000001
482,307.55192,4.802E-10,-0.0249559999999974
482.5,307.53956,4.791E-10,-0.0259520000000009
483,307.52719,4.785E-10,-0.0259520000000009
483.5,307.51509,4.774E-10,-0.0260559999999998
484,307.50161,4.768E-10,-0.0251720000000006
484.5,307.48953,4.759E-10,-0.0260680000000008
485,307.47468,4.747E-10,-0.0254040000000003
485.5,307.46231,4.742E-10,-0.0252879999999976
486,307.44995,4.728E-10,-0.0249680000000012
486.5,307.43868,4.724E-10,-0.0254040000000003
487,307.42436,4.713E-10,-0.0251720000000006
487.5,307.41117,4.709E-10,-0.0247399999999999
488,307.39909,4.698E-10,-0.0252880000000005
488.5,307.38753,4.693E-10,-0.0256200000000007
489,307.37517,4.68E-10,-0.0255079999999992
489.5,307.36143,4.67E-10,-0.0252880000000005
490,307.34932,4.664E-10,-0.0247360000000015
490.5,307.33587,4.654E-10,-0.0247479999999996
491,307.32348,4.648E-10,-0.0250679999999988
491.5,307.3114,4.696E-10,-0.0246319999999997
492,307.29821,4.559E-10,-0.0246359999999981
492.5,307.28748,4.619E-10,-0.0255159999999989
493,307.274,4.599E-10,-0.0251760000000019
493.5,307.26081,4.595E-10,-0.024624
494,307.24982,4.602E-10,-0.0254040000000003
494.5,307.23662,4.594E-10,-0.0249640000000028
495,307.22369,4.579E-10,-0.0241880000000009
495.5,307.21106,4.572E-10,-0.0244119999999981
496,307.19925,4.555E-10,-0.0245319999999992
496.5,307.18631,4.544E-10,-0.0239679999999993
497,307.17421,4.539E-10,-0.0240719999999982
497.5,307.16322,4.531E-10,-0.0255079999999992
498,307.15003,4.525E-10,-0.0245200000000011
498.5,307.13792,4.519E-10,-0.024624
499,307.12639,4.514E-10,-0.0249680000000012
499.5,307.11403,4.503E-10,-0.0247479999999996
500,307.09945,4.494E-10,-0.0237480000000005
500.5,307.08873,4.49E-10,-0.0249680000000012
501,307.07636,4.477E-10,-0.0243000000000023
501.5,307.06397,4.471E-10,-0.0241839999999996
502,307.05216,4.459E-10,-0.0244079999999997
502.5,307.04008,4.456E-10,-0.0247479999999996
503,307.02631,4.446E-10,-0.0235199999999992
503.5,307.01561,4.436E-10,-0.0245199999999983
504,307.00351,4.432E-10,-0.0243040000000008
504.5,306.99114,4.422E-10,-0.0246320000000026
505,306.97821,4.418E-10,-0.0238560000000007
505.5,306.96751,4.405E-10,-0.0244159999999994
506,306.95431,4.399E-10,-0.0237480000000005
506.5,306.94275,4.387E-10,-0.0239679999999993
507,306.92956,4.383E-10,-0.0231999999999999
507.5,306.91857,4.373E-10,-0.0234279999999984
508,306.90647,4.365E-10,-0.0239679999999993
508.5,306.89494,4.359E-10,-0.024199999999999
509,306.88283,4.35E-10,-0.0241960000000006
509.5,306.87156,4.345E-10,-0.0241879999999981
510,306.86,4.334E-10,-0.0239679999999993
510.5,306.84655,4.329E-10,-0.0233159999999998
511,306.83444,4.322E-10,-0.0229800000000012
511.5,306.82234,4.313E-10,-0.0236359999999991
512,306.81109,4.308E-10,-0.023648
512.5,306.80008,4.299E-10,-0.0239680000000021
513,306.78826,4.294E-10,-0.0238560000000007
513.5,306.77699,4.284E-10,-0.0236359999999991
514,306.76325,4.278E-10,-0.023096000000001
514.5,306.75197,4.268E-10,-0.0230840000000001
515,306.74016,4.26E-10,-0.0226519999999994
515.5,306.72862,4.255E-10,-0.0232079999999996
516,306.7179,4.245E-10,-0.0237520000000018
516.5,306.70551,4.24E-10,-0.0236359999999991
517,306.69426,4.231E-10,-0.0235320000000002
517.5,306.68353,4.226E-10,-0.0237480000000005
518,306.6706,4.215E-10,-0.0229839999999996
518.5,306.65852,4.203E-10,-0.022763999999998
519,306.64642,4.199E-10,-0.0227640000000008
519.5,306.63543,4.188E-10,-0.0231999999999999
520,306.62416,4.184E-10,-0.0234319999999997
520.5,306.61314,4.174E-10,-0.0233040000000017
521,306.60161,4.17E-10,-0.0234200000000016
521.5,306.58951,4.161E-10,-0.0227640000000008
522,306.57743,4.156E-10,-0.0228800000000007
522.5,306.56558,4.147E-10,-0.0223160000000007
523,306.55488,4.138E-10,-0.0230959999999982
523.5,306.54306,4.134E-10,-0.0227599999999995
524,306.5326,4.123E-10,-0.0226519999999994
524.5,306.52023,4.116E-10,-0.0226480000000009
525,306.50979,4.11E-10,-0.0228679999999997
525.5,306.49714,4.107E-10,-0.0222120000000018
526,306.48616,4.096E-10,-0.0222160000000002
526.5,306.47597,4.088E-10,-0.0233039999999988
527,306.46361,4.084E-10,-0.0223279999999988
527.5,306.45262,4.073E-10,-0.022763999999998
528,306.44161,4.068E-10,-0.0225359999999995
528.5,306.43062,4.058E-10,-0.0227640000000008
529,306.41771,4.054E-10,-0.0222120000000018
529.5,306.40779,4.048E-10,-0.0226480000000009
530,306.39571,4.039E-10,-0.0223240000000004
530.5,306.38527,4.036E-10,-0.0225439999999992
531,306.37371,4.026E-10,-0.0220959999999991
531.5,306.36218,4.021E-10,-0.0225439999999992
532,306.35117,4.01E-10,-0.0223159999999979
532.5,306.3399,4.007E-10,-0.0219840000000005
533,306.32891,3.999E-10,-0.0218800000000016
533.5,306.31847,3.988E-10,-0.0223279999999988
534,306.30582,3.986E-10,-0.0215479999999985
534.5,306.29538,3.98E-10,-0.0223280000000017
535,306.28494,3.976E-10,-0.0226599999999991
535.5,306.27421,3.968E-10,-0.022763999999998
536,306.26265,3.963E-10,-0.0222040000000021
536.5,306.25195,3.955E-10,-0.0224320000000006
537,306.23956,3.949E-10,-0.0214359999999999
537.5,306.22829,3.938E-10,-0.0217680000000001
538,306.2173,3.926E-10,-0.0218800000000016
538.5,306.20714,3.921E-10,-0.0219919999999973
539,306.19587,3.914E-10,-0.0214439999999996
539.5,306.18597,3.911E-10,-0.0223240000000004
540,306.17387,3.901E-10,-0.0217759999999998
540.5,306.1626,3.898E-10,-0.0218799999999987
541,306.15216,3.894E-10,-0.0219960000000015
541.5,306.14226,3.884E-10,-0.0226480000000009
542,306.13016,3.881E-10,-0.0219959999999986
542.5,306.11943,3.874E-10,-0.0221000000000004
543,306.1079,3.87E-10,-0.0215599999999995
543.5,306.09717,3.862E-10,-0.0209959999999995
544,306.08564,3.857E-10,-0.0213400000000007
544.5,306.07517,3.848E-10,-0.0212160000000011
545,306.06418,3.839E-10,-0.0218800000000016
545.5,306.054,3.835E-10,-0.0218800000000016
546,306.04468,3.83E-10,-0.0222160000000002
546.5,306.03229,3.826E-10,-0.0214359999999999
547,306.02213,3.816E-10,-0.0212279999999993
547.5,306.00948,3.811E-10,-0.021223999999998
548,305.9993,3.802E-10,-0.0214359999999999
548.5,305.98914,3.795E-10,-0.0215560000000011
549,305.9787,3.788E-10,-0.02166
549.5,305.96906,3.779E-10,-0.0218799999999987
550,305.95642,3.775E-10,-0.0208960000000019
550.5,305.94571,3.77E-10,-0.0204559999999987
551,305.93525,3.762E-10,-0.0212159999999983
551.5,305.92455,3.757E-10,-0.0211119999999994
552,305.91436,3.751E-10,-0.0212240000000008
552.5,305.90418,3.748E-10,-0.0215479999999985
553,305.89457,3.74E-10,-0.02166
553.5,305.88221,3.737E-10,-0.0207920000000001
554,305.87177,3.726E-10,-0.0213400000000007
554.5,305.8613,3.722E-10,-0.0211119999999994
555,305.85031,3.713E-10,-0.0205600000000004
555.5,305.84042,3.706E-10,-0.0204480000000018
556,305.83023,3.703E-10,-0.0208799999999997
556.5,305.81842,3.695E-10,-0.0202319999999986
557,305.80852,3.692E-10,-0.0202280000000002
557.5,305.79891,3.684E-10,-0.0203440000000001
558,305.7893,3.68E-10,-0.0207920000000001
558.5,305.77803,3.671E-10,-0.0203440000000001
559,305.76784,3.664E-10,-0.0203400000000016
559.5,305.75795,3.66E-10,-0.0206760000000003
560,305.74805,3.655E-10,-0.0205600000000004
560.5,305.73732,3.652E-10,-0.0211079999999981
561,305.72717,3.645E-10,-0.0203440000000001
561.5,305.71699,3.641E-10,-0.020895999999999
562,305.70626,3.63E-10,-0.0205600000000004
562.5,305.69665,3.628E-10,-0.0207799999999992
563,305.68455,3.555E-10,-0.0202320000000015
563.5,305.67631,3.654E-10,-0.0208920000000006
564,305.66475,3.652E-10,-0.0203399999999988
564.5,305.65486,3.563E-10,-0.0203440000000001
565,305.6447,3.566E-10,-0.0204560000000015
565.5,305.63397,3.573E-10,-0.0200079999999986
566,305.62408,3.576E-10,-0.0202400000000011
566.5,305.6139,3.577E-10,-0.0201279999999997
567,305.604,3.57E-10,-0.0206760000000003
567.5,305.59356,3.566E-10,-0.0199079999999981
568,305.58395,3.555E-10,-0.0203440000000001
568.5,305.57348,3.553E-10,-0.0200119999999998
569,305.56358,3.549E-10,-0.0203400000000016
569.5,305.55231,3.546E-10,-0.019344000000001
570,305.54379,3.538E-10,-0.0204440000000005
570.5,305.53309,3.53E-10,-0.0196880000000021
571,305.52345,3.527E-10,-0.0197919999999982
571.5,305.51273,3.52E-10,-0.0195639999999997
572,305.50395,3.516E-10,-0.0202399999999983
572.5,305.49268,3.507E-10,-0.0194600000000008
573,305.48387,3.503E-10,-0.0200119999999998
573.5,305.47397,3.5E-10,-0.0195720000000023
574,305.46382,3.505E-10,-0.0197920000000011
574.5,305.45335,3.504E-10,-0.0192400000000021
575,305.44403,3.489E-10,-0.0196879999999993
575.5,305.43384,3.476E-10,-0.0199039999999997
576,305.42504,3.457E-10,-0.0197919999999982
576.5,305.41434,3.456E-10,-0.0203440000000001
577,305.40525,3.449E-10,-0.0197919999999982
577.5,305.39481,3.449E-10,-0.0195760000000007
578,305.38408,3.44E-10,-0.0191280000000006
578.5,305.37556,3.438E-10,-0.0208960000000019
579,305.36348,3.437E-10,-0.0192520000000002
579.5,305.35577,3.431E-10,-0.0203440000000001
580,305.34587,3.429E-10,-0.019896
580.5,305.33626,3.43E-10,-0.0199079999999981
581,305.32332,3.554E-10,-0.0181399999999996
581.5,305.31535,3.519E-10,-0.0192399999999992
582,305.30491,3.139E-10,-0.0192399999999992
582.5,305.29613,2.935E-10,-0.0199080000000009
583,305.28649,3.3E-10,-0.0194600000000008
583.5,305.27797,3.363E-10,-0.0199039999999997
584,305.26725,3.361E-10,-0.0195760000000007
584.5,305.25681,3.365E-10,-0.01858
585,305.24636,3.361E-10,-0.0188040000000001
585.5,305.23784,3.358E-10,-0.0194600000000008
586,305.22821,3.356E-10,-0.0233039999999988
586.5,305.21831,3.348E-10,-0.0178079999999994
587,305.21036,3.355E-10,-0.018368000000001
587.5,305.19935,3.187E-10,-0.018907999999999
588,305.18919,3.322E-10,-0.0184719999999984
588.5,305.16995,3.318E-10,-0.0154000000000011
589,305.17379,3.314E-10,-0.020008
589.5,305.16444,3.314E-10,-0.0202280000000002
590,305.15208,3.309E-10,-0.0194599999999994
590.5,305.14301,3.306E-10,-0.0191360000000003
591,305.13145,3.302E-10,-0.018356
591.5,305.12377,3.299E-10,-0.0190239999999989
592,305.11387,3.293E-10,-0.0186920000000001
592.5,305.10343,3.291E-10,-0.01892
593,305.09517,3.284E-10,-0.0188040000000001
593.5,305.08556,3.278E-10,-0.0191400000000002
594,305.07621,3.273E-10,-0.0191400000000002
594.5,305.06714,3.268E-10,-0.0188040000000001
595,305.05613,3.264E-10,-0.0186920000000001
595.5,305.04816,3.259E-10,-0.0186920000000001
596,305.03771,3.259E-10,-0.0185839999999999
596.5,305.02836,3.26E-10,-0.0185760000000002
597,305.02013,3.246E-10,-0.0192399999999992
597.5,305.0094,3.247E-10,-0.0185839999999999
598,305.00143,3.234E-10,-0.0186920000000001
598.5,304.99125,3.228E-10,-0.0181399999999996
599,304.98192,3.223E-10,-0.0183679999999995
599.5,304.97203,3.223E-10,-0.0182560000000009
600,304.96294,3.216E-10,-0.0182560000000009
600.5,304.9547,3.213E-10,-0.0182559999999995
601,304.9459,3.21E-10,-0.0189120000000003
601.5,304.936,3.199E-10,-0.0185760000000002
602,304.92639,3.196E-10,-0.0185879999999997
602.5,304.9173,3.188E-10,-0.019896
603,304.90906,3.182E-10,-0.0188040000000001
603.5,304.89862,3.181E-10,-0.0191359999999989
604,304.88956,3.18E-10,-0.0190240000000003
604.5,304.87992,3.252E-10,-0.0188040000000001
605,304.86756,3.563E-10,-0.0171520000000001
605.5,304.86205,3.079E-10,-0.0181400000000011
606,304.85078,2.98E-10,-0.0171520000000001
606.5,304.842,2.7E-10,-0.0171520000000001
607,304.83291,3.713E-10,-0.0174759999999992
607.5,304.82468,2.889E-10,-0.0175999999999988
608,304.8167,2.49E-10,-0.0183679999999995
608.5,304.8079,3.065E-10,-0.0182560000000009
609,304.79912,3.064E-10,-0.0185879999999997
609.5,304.78922,3.08E-10,-0.0182560000000009
610,304.78068,3.09E-10,-0.018028000000001
610.5,304.77078,3.1E-10,-0.0176919999999996
611,304.76226,3.102E-10,-0.0178079999999994
611.5,304.75265,3.1E-10,-0.0175880000000006
612,304.74358,3.101E-10,-0.0181479999999993
612.5,304.73561,3.099E-10,-0.0179199999999994
613,304.72655,3.096E-10,-0.0177040000000005
613.5,304.71774,3.094E-10,-0.0180360000000007
614,304.70868,3.086E-10,-0.017819999999999
614.5,304.69821,3.081E-10,-0.0172600000000003
615,304.69081,3.073E-10,-0.0174880000000002
615.5,304.68229,3.069E-10,-0.0174880000000002
616,304.67265,3.067E-10,-0.0174839999999989
616.5,304.66413,3.06E-10,-0.017268
617,304.65506,3.058E-10,-0.0178160000000005
617.5,304.64709,3.051E-10,-0.0174840000000003
618,304.63857,3.049E-10,-0.0178159999999991
618.5,304.62894,3.043E-10,-0.0171559999999999
619,304.62096,3.038E-10,-0.0174760000000006
619.5,304.61052,3.035E-10,-0.0170400000000001
620,304.60338,3.031E-10,-0.0177039999999991
620.5,304.59403,3.029E-10,-0.0170400000000001
621,304.58605,3.023E-10,-0.0175880000000006
621.5,304.57727,3.02E-10,-0.0177040000000005
622,304.56792,3.014E-10,-0.0171520000000001
622.5,304.55912,3.011E-10,-0.0173720000000003
623,304.55143,3.005E-10,-0.0178200000000004
623.5,304.54208,3.001E-10,-0.0179239999999993
624,304.53301,3E-10,-0.0177039999999991
624.5,304.52504,3E-10,-0.0179239999999993
625,304.51569,2.997E-10,-0.0171520000000001
625.5,304.50688,2.992E-10,-0.0174840000000003
626,304.49727,2.984E-10,-0.0173720000000003
626.5,304.48875,2.986E-10,-0.0166000000000011
627,304.48023,2.975E-10,-0.0169319999999999
627.5,304.47281,2.974E-10,-0.0177040000000005
628,304.46317,2.956E-10,-0.0169240000000002
628.5,304.45384,2.945E-10,-0.0170479999999998
629,304.44725,2.93E-10,-0.0170519999999996
629.5,304.4379,2.826E-10,-0.017268
630,304.42855,2.974E-10,-0.0170519999999996
630.5,304.42086,2.96E-10,-0.017268
631,304.41122,2.885E-10,-0.016716000000001
631.5,304.40462,2.947E-10,-0.0179199999999994
632,304.39473,2.939E-10,-0.0174880000000002
632.5,304.38592,2.921E-10,-0.016704
633,304.37769,2.908E-10,-0.0170400000000001
633.5,304.36943,2.906E-10,-0.017255999999999
634,304.35982,2.903E-10,-0.0164879999999997
634.5,304.35101,2.898E-10,-0.0164879999999997
635,304.34416,2.895E-10,-0.0166039999999995
635.5,304.33509,2.893E-10,-0.0167159999999996
636,304.32629,2.889E-10,-0.016604000000001
636.5,304.3186,2.885E-10,-0.0166160000000005
637,304.30979,2.884E-10,-0.0164960000000008
637.5,304.30265,2.879E-10,-0.0171520000000001
638,304.2933,2.874E-10,-0.0169359999999998
638.5,304.28478,2.868E-10,-0.0163839999999993
639,304.27706,2.866E-10,-0.0163840000000008
639.5,304.26855,2.859E-10,-0.0163879999999992
640,304.25977,2.856E-10,-0.0161680000000004
640.5,304.25096,2.85E-10,-0.0168199999999999
641,304.24382,2.846E-10,-0.0169359999999998
641.5,304.2361,2.844E-10,-0.016704
642,304.22758,2.839E-10,-0.016704
642.5,304.21935,2.837E-10,-0.0162800000000004
643,304.20891,2.832E-10,-0.0159480000000002
643.5,304.20148,2.829E-10,-0.015728
644,304.19434,2.825E-10,-0.0164999999999992
644.5,304.18582,2.819E-10,-0.0165000000000006
645,304.17865,2.814E-10,-0.0164879999999997
645.5,304.16904,2.807E-10,-0.0159480000000002
646,304.16216,2.804E-10,-0.0168240000000012
646.5,304.15309,2.8E-10,-0.0163840000000008
647,304.14457,2.798E-10,-0.0162679999999995
647.5,304.13743,2.795E-10,-0.0166039999999995
648,304.12917,2.789E-10,-0.0168199999999999
648.5,304.1201,2.786E-10,-0.0159359999999992
649,304.11213,2.78E-10,-0.0160519999999991
649.5,304.1039,2.779E-10,-0.0162840000000003
650,304.09592,2.773E-10,-0.015728
650.5,304.08712,2.772E-10,-0.0159400000000005
651,304.08026,2.767E-10,-0.0160640000000001
651.5,304.072,2.758E-10,-0.0160520000000005
652,304.06319,2.755E-10,-0.0159360000000007
652.5,304.0566,2.75E-10,-0.0161560000000009
653,304.04727,2.747E-10,-0.0158319999999989
653.5,304.0401,2.747E-10,-0.0157160000000005
654,304.03187,2.745E-10,-0.015728
654.5,304.02335,2.741E-10,-0.015728
655,304.01621,2.734E-10,-0.0160640000000001
655.5,304.00769,2.731E-10,-0.015616
656,304.00081,2.725E-10,-0.016167999999999
656.5,303.99255,2.723E-10,-0.0161559999999994
657,303.98403,2.721E-10,-0.015616
657.5,303.97605,2.719E-10,-0.0157199999999989
658,303.96865,2.717E-10,-0.0160640000000001
658.5,303.96039,2.709E-10,-0.0161680000000004
659,303.95216,2.705E-10,-0.0157319999999999
659.5,303.94499,2.701E-10,-0.0161559999999994
660,303.93675,2.698E-10,-0.015616
660.5,303.92849,2.695E-10,-0.0158320000000003
661,303.91997,2.691E-10,-0.0148359999999997
661.5,303.91283,2.684E-10,-0.0153880000000001
662,303.9046,2.678E-10,-0.0152839999999998
662.5,303.89771,2.675E-10,-0.0158320000000003
663,303.88891,2.667E-10,-0.0153880000000001
663.5,303.88288,2.665E-10,-0.015728
664,303.87436,2.661E-10,-0.0155119999999997
664.5,303.86639,2.659E-10,-0.015616
665,303.85813,2.654E-10,-0.015616
665.5,303.85044,2.652E-10,-0.0153959999999998
666,303.84356,2.648E-10,-0.0155000000000001
666.5,303.83558,2.645E-10,-0.0152800000000013
667,303.82735,2.642E-10,-0.0152839999999998
667.5,303.81909,2.637E-10,-0.0149519999999995
668,303.81195,2.633E-10,-0.015064000000001
668.5,303.80481,2.628E-10,-0.0150680000000008
669,303.79738,2.626E-10,-0.0153999999999996
669.5,303.78914,2.621E-10,-0.015064000000001
670,303.78171,2.615E-10,-0.0153960000000012
670.5,303.77429,2.613E-10,-0.0152839999999998
671,303.76714,2.609E-10,-0.015616
671.5,303.75888,2.605E-10,-0.0153840000000002
672,303.75148,2.6E-10,-0.0151799999999994
672.5,303.74322,2.596E-10,-0.0150639999999996
673,303.73608,2.592E-10,-0.0153999999999996
673.5,303.7281,2.588E-10,-0.0148439999999994
674,303.72042,2.586E-10,-0.0148479999999992
674.5,303.71353,2.581E-10,-0.0148439999999994
675,303.70556,2.579E-10,-0.0147319999999993
675.5,303.69758,2.576E-10,-0.0146159999999995
676,303.69099,2.574E-10,-0.0151719999999997
676.5,303.6833,2.574E-10,-0.0150639999999996
677,303.67642,2.568E-10,-0.015504
677.5,303.66873,2.564E-10,-0.0152840000000012
678,303.66104,2.567E-10,-0.0153960000000012
678.5,303.65306,2.564E-10,-0.0146280000000004
679,303.64564,2.556E-10,-0.0146320000000003
679.5,303.63766,2.552E-10,-0.0146280000000004
680,303.63052,2.545E-10,-0.014627999999999
680.5,303.62255,2.543E-10,-0.0143999999999991
681,303.61649,2.54E-10,-0.0148440000000008
681.5,303.60906,2.536E-10,-0.0153840000000002
682,303.60109,2.534E-10,-0.0145120000000006
682.5,303.59395,2.531E-10,-0.0147320000000008
683,303.58655,2.531E-10,-0.0149640000000005
683.5,303.57938,2.524E-10,-0.0151719999999997
684,303.5706,2.523E-10,-0.0142960000000002
684.5,303.56481,2.519E-10,-0.0146199999999993
685,303.55712,2.51E-10,-0.0148479999999992
685.5,303.54914,2.508E-10,-0.0145119999999991
686,303.54145,2.505E-10,-0.0145119999999991
686.5,303.53486,2.503E-10,-0.0144120000000001
687,303.52826,2.497E-10,-0.015064000000001
687.5,303.52,2.495E-10,-0.0142960000000002
688,303.51286,2.491E-10,-0.0146200000000007
688.5,303.50517,2.485E-10,-0.0141840000000002
689,303.49883,2.482E-10,-0.0148359999999997
689.5,303.4906,2.476E-10,-0.014627999999999
690,303.48426,2.472E-10,-0.0146200000000007
690.5,303.47631,2.466E-10,-0.0142960000000002
691,303.46971,2.464E-10,-0.0142960000000002
691.5,303.46174,2.458E-10,-0.014076
692,303.45403,2.454E-10,-0.013852
692.5,303.44771,2.452E-10,-0.0144079999999988
693,303.44057,2.451E-10,-0.0144080000000002
693.5,303.43397,2.45E-10,-0.0147400000000005
694,303.42655,2.447E-10,-0.0142960000000002
694.5,303.4194,2.445E-10,-0.0146280000000004
695,303.41169,2.441E-10,-0.013964
695.5,303.40455,2.437E-10,-0.013964
696,303.39712,2.431E-10,-0.0147319999999993
696.5,303.39081,2.429E-10,-0.0145160000000004
697,303.38283,2.427E-10,-0.0142960000000002
697.5,303.37678,2.423E-10,-0.0141840000000002
698,303.36964,2.42E-10,-0.0142959999999988
698.5,303.36029,2.417E-10,-0.0131960000000007
699,303.35452,2.414E-10,-0.0137439999999998
699.5,303.34709,2.41E-10,-0.0137439999999998
700,303.34132,2.406E-10,-0.0142960000000002
700.5,303.3339,2.404E-10,-0.0145160000000004
701,303.3273,2.398E-10,-0.014515999999999
701.5,303.32016,2.396E-10,-0.0140799999999999
702,303.31273,2.391E-10,-0.013852
702.5,303.30558,2.388E-10,-0.0139600000000001
703,303.29761,2.386E-10,-0.0137439999999998
703.5,303.29101,2.381E-10,-0.0138480000000001
704,303.28496,2.381E-10,-0.0136319999999998
704.5,303.2781,2.377E-10,-0.014076
705,303.27068,2.375E-10,-0.0137479999999996
705.5,303.26325,2.373E-10,-0.013852
706,303.25639,2.369E-10,-0.0136400000000009
706.5,303.25088,2.366E-10,-0.0145120000000006
707,303.24291,2.36E-10,-0.013964
707.5,303.23631,2.357E-10,-0.013964
708,303.22862,2.353E-10,-0.013412000000001
708.5,303.22229,2.354E-10,-0.0140679999999989
709,303.2146,2.349E-10,-0.0131959999999992
709.5,303.208,2.346E-10,-0.0134119999999996
710,303.2014,2.343E-10,-0.0136319999999998
710.5,303.19509,2.338E-10,-0.0141919999999999
711,303.18712,2.336E-10,-0.0133120000000005
711.5,303.18161,2.332E-10,-0.0135280000000009
712,303.17447,2.331E-10,-0.0138599999999997
712.5,303.16732,2.325E-10,-0.0134200000000007
713,303.15961,2.323E-10,-0.0134119999999996
713.5,303.15384,2.319E-10,-0.0139600000000001
714,303.14779,2.317E-10,-0.0141799999999989
714.5,303.13982,2.313E-10,-0.013300000000001
715,303.13377,2.309E-10,-0.0135199999999998
715.5,303.12608,2.308E-10,-0.0131959999999992
716,303.11894,2.304E-10,-0.0130920000000003
716.5,303.11234,2.303E-10,-0.0130920000000003
717,303.10657,2.294E-10,-0.0133079999999993
717.5,303.09997,2.294E-10,-0.0135239999999996
718,303.09309,2.292E-10,-0.013412000000001
718.5,303.08621,2.29E-10,-0.0135159999999999
719,303.07961,2.288E-10,-0.0136319999999998
719.5,303.0733,2.284E-10,-0.0135280000000009
720,303.06616,2.282E-10,-0.0130920000000003
720.5,303.05956,2.279E-10,-0.0130919999999989
721,303.05242,2.811E-10,-0.012876
721.5,303.04553,3.451E-10,-0.0126440000000002
722,303.03948,3.057E-10,-0.012975999999999
722.5,303.03343,2.74E-10,-0.0130800000000008
723,303.02683,2.695E-10,-0.0130800000000008
723.5,303.02023,2.705E-10,-0.0135159999999999
724,303.01392,2.558E-10,-0.0137439999999998
724.5,303.00704,2.491E-10,-0.0128640000000004
725,303.00073,2.727E-10,-0.0131959999999992
725.5,302.99413,3.086E-10,-0.0135279999999995
726,302.98644,2.996E-10,-0.0128720000000001
726.5,302.97956,2.645E-10,-0.0126440000000002
727,302.97488,2.517E-10,-0.013964
727.5,302.96774,2.623E-10,-0.0129760000000005
728,302.96031,3.103E-10,-0.0128600000000006
728.5,302.95426,2.858E-10,-0.0125280000000004
729,302.94795,2.508E-10,-0.0135279999999995
729.5,302.93997,2.509E-10,-0.0125399999999999
730,302.9353,3.109E-10,-0.0138480000000001
730.5,302.92816,2.952E-10,-0.0135279999999995
731,302.92294,2.588E-10,-0.017268
731.5,302.91413,2.64E-10,-0.0112120000000004
732,302.90862,3.198E-10,0.0406538524590164
732.5,302.90068,2.58E-10,0.0406152627986348
733,302.89434,2.522E-10,0.0405789085948158
733.5,302.87977,3.117E-10,0.0405313837764145
734,302.8861,2.994E-10,0.0405123978201635
